ComponentName, StatisticName, StatisticSubId, StatisticType, SimTime, Rank, Sum.u64, SumSQ.u64, Count.u64, Min.u64, Max.u64
rtr_8x7x13, send_bit_count, port0, Accumulator, 497296000, 94, 5898240, 377487360, 92160, 64, 64
rtr_8x7x13, send_packet_count, port0, Accumulator, 497296000, 94, 92160, 92160, 92160, 1, 1
rtr_8x7x13, output_port_stalls, port0, Accumulator, 497296000, 94, 167536000, 5172904000000, 14293, 2000, 126000
rtr_8x7x13, idle_time, port0, Accumulator, 497296000, 94, 111784000, 25341504000000, 10839, 4000, 4844000
rtr_8x7x13, width_adj_count, port0, Accumulator, 497296000, 94, 0, 0, 0, 0, 0
rtr_8x7x13, send_bit_count, port1, Accumulator, 497296000, 94, 4587520, 293601280, 71680, 64, 64
rtr_8x7x13, send_packet_count, port1, Accumulator, 497296000, 94, 71680, 71680, 71680, 1, 1
rtr_8x7x13, output_port_stalls, port1, Accumulator, 497296000, 94, 68000, 136000000, 34, 2000, 2000
rtr_8x7x13, idle_time, port1, Accumulator, 497296000, 94, 353252000, 36665730792000000, 12520, 4000, 191474000
rtr_8x7x13, width_adj_count, port1, Accumulator, 497296000, 94, 0, 0, 0, 0, 0
rtr_8x7x13, send_bit_count, port2, Accumulator, 497296000, 94, 5898240, 377487360, 92160, 64, 64
rtr_8x7x13, send_packet_count, port2, Accumulator, 497296000, 94, 92160, 92160, 92160, 1, 1
rtr_8x7x13, output_port_stalls, port2, Accumulator, 497296000, 94, 0, 0, 0, 0, 0
rtr_8x7x13, idle_time, port2, Accumulator, 497296000, 94, 312976000, 6165464000000, 37778, 4000, 1536000
rtr_8x7x13, width_adj_count, port2, Accumulator, 497296000, 94, 0, 0, 0, 0, 0
rtr_8x7x13, send_bit_count, port3, Accumulator, 497296000, 94, 4587520, 293601280, 71680, 64, 64
rtr_8x7x13, send_packet_count, port3, Accumulator, 497296000, 94, 71680, 71680, 71680, 1, 1
rtr_8x7x13, output_port_stalls, port3, Accumulator, 497296000, 94, 0, 0, 0, 0, 0
rtr_8x7x13, idle_time, port3, Accumulator, 497296000, 94, 353936000, 11145528000000, 36054, 4000, 2292000
rtr_8x7x13, width_adj_count, port3, Accumulator, 497296000, 94, 0, 0, 0, 0, 0
rtr_8x7x13, send_bit_count, port4, Accumulator, 497296000, 94, 5898240, 377487360, 92160, 64, 64
rtr_8x7x13, send_packet_count, port4, Accumulator, 497296000, 94, 92160, 92160, 92160, 1, 1
rtr_8x7x13, output_port_stalls, port4, Accumulator, 497296000, 94, 42000, 84000000, 21, 2000, 2000
rtr_8x7x13, idle_time, port4, Accumulator, 497296000, 94, 312354000, 20498948000000, 31883, 4000, 3710000
rtr_8x7x13, width_adj_count, port4, Accumulator, 497296000, 94, 0, 0, 0, 0, 0
rtr_8x7x13, send_bit_count, port5, Accumulator, 497296000, 94, 4587520, 293601280, 71680, 64, 64
rtr_8x7x13, send_packet_count, port5, Accumulator, 497296000, 94, 71680, 71680, 71680, 1, 1
rtr_8x7x13, output_port_stalls, port5, Accumulator, 497296000, 94, 0, 0, 0, 0, 0
rtr_8x7x13, idle_time, port5, Accumulator, 497296000, 94, 353936000, 80421360000000, 29904, 4000, 7792000
rtr_8x7x13, width_adj_count, port5, Accumulator, 497296000, 94, 0, 0, 0, 0, 0
rtr_8x7x13, send_bit_count, port6, Accumulator, 497296000, 94, 2621440, 167772160, 40960, 64, 64
rtr_8x7x13, send_packet_count, port6, Accumulator, 497296000, 94, 40960, 40960, 40960, 1, 1
rtr_8x7x13, output_port_stalls, port6, Accumulator, 497296000, 94, 0, 0, 0, 0, 0
rtr_8x7x13, idle_time, port6, Accumulator, 497296000, 94, 415376000, 12395184000000, 27402, 4000, 1134000
rtr_8x7x13, width_adj_count, port6, Accumulator, 497296000, 94, 0, 0, 0, 0, 0
rtr_8x7x13, xbar_stalls, port0, Accumulator, 497296000, 94, 8883, 8883, 8883, 1, 1
rtr_8x7x13, xbar_stalls, port1, Accumulator, 497296000, 94, 117146, 117146, 117146, 1, 1
rtr_8x7x13, xbar_stalls, port2, Accumulator, 497296000, 94, 7338, 7338, 7338, 1, 1
rtr_8x7x13, xbar_stalls, port3, Accumulator, 497296000, 94, 8368, 8368, 8368, 1, 1
rtr_8x7x13, xbar_stalls, port4, Accumulator, 497296000, 94, 4157, 4157, 4157, 1, 1
rtr_8x7x13, xbar_stalls, port5, Accumulator, 497296000, 94, 7755, 7755, 7755, 1, 1
rtr_8x7x13, xbar_stalls, port6, Accumulator, 497296000, 94, 111930, 111930, 111930, 1, 1
testNic_3448:networkIF, packet_latency, , Accumulator, 497296000, 94, 676836009, 79817762395919, 40960, 147, 323696
testNic_3448:networkIF, send_bit_count, , Accumulator, 497296000, 94, 2621440, 167772160, 40960, 64, 64
testNic_3448:networkIF, output_port_stalls, , Accumulator, 497296000, 94, 190825000, 8483529000000, 15845, 1000, 174000
testNic_3448:networkIF, idle_time, , Accumulator, 497296000, 94, 1321000, 32517000000, 93, 2000, 68000
rtr_9x7x13, send_bit_count, port0, Accumulator, 497296000, 94, 5898240, 377487360, 92160, 64, 64
rtr_9x7x13, send_packet_count, port0, Accumulator, 497296000, 94, 92160, 92160, 92160, 1, 1
rtr_9x7x13, output_port_stalls, port0, Accumulator, 497296000, 94, 138978000, 2933844000000, 14400, 2000, 78000
rtr_9x7x13, idle_time, port0, Accumulator, 497296000, 94, 140052000, 385663256000000, 10876, 4000, 19572000
rtr_9x7x13, width_adj_count, port0, Accumulator, 497296000, 94, 0, 0, 0, 0, 0
rtr_9x7x13, send_bit_count, port1, Accumulator, 497296000, 94, 4587520, 293601280, 71680, 64, 64
rtr_9x7x13, send_packet_count, port1, Accumulator, 497296000, 94, 71680, 71680, 71680, 1, 1
rtr_9x7x13, output_port_stalls, port1, Accumulator, 497296000, 94, 52000, 104000000, 26, 2000, 2000
rtr_9x7x13, idle_time, port1, Accumulator, 497296000, 94, 353320000, 48133588624000000, 11711, 4000, 219388000
rtr_9x7x13, width_adj_count, port1, Accumulator, 497296000, 94, 0, 0, 0, 0, 0
rtr_9x7x13, send_bit_count, port2, Accumulator, 497296000, 94, 5898240, 377487360, 92160, 64, 64
rtr_9x7x13, send_packet_count, port2, Accumulator, 497296000, 94, 92160, 92160, 92160, 1, 1
rtr_9x7x13, output_port_stalls, port2, Accumulator, 497296000, 94, 0, 0, 0, 0, 0
rtr_9x7x13, idle_time, port2, Accumulator, 497296000, 94, 312976000, 6025136000000, 37575, 4000, 1470000
rtr_9x7x13, width_adj_count, port2, Accumulator, 497296000, 94, 0, 0, 0, 0, 0
rtr_9x7x13, send_bit_count, port3, Accumulator, 497296000, 94, 4587520, 293601280, 71680, 64, 64
rtr_9x7x13, send_packet_count, port3, Accumulator, 497296000, 94, 71680, 71680, 71680, 1, 1
rtr_9x7x13, output_port_stalls, port3, Accumulator, 497296000, 94, 0, 0, 0, 0, 0
rtr_9x7x13, idle_time, port3, Accumulator, 497296000, 94, 353936000, 10950336000000, 35643, 4000, 2226000
rtr_9x7x13, width_adj_count, port3, Accumulator, 497296000, 94, 0, 0, 0, 0, 0
rtr_9x7x13, send_bit_count, port4, Accumulator, 497296000, 94, 5898240, 377487360, 92160, 64, 64
rtr_9x7x13, send_packet_count, port4, Accumulator, 497296000, 94, 92160, 92160, 92160, 1, 1
rtr_9x7x13, output_port_stalls, port4, Accumulator, 497296000, 94, 26000, 52000000, 13, 2000, 2000
rtr_9x7x13, idle_time, port4, Accumulator, 497296000, 94, 312238000, 20119332000000, 31844, 4000, 3644000
rtr_9x7x13, width_adj_count, port4, Accumulator, 497296000, 94, 0, 0, 0, 0, 0
rtr_9x7x13, send_bit_count, port5, Accumulator, 497296000, 94, 4587520, 293601280, 71680, 64, 64
rtr_9x7x13, send_packet_count, port5, Accumulator, 497296000, 94, 71680, 71680, 71680, 1, 1
rtr_9x7x13, output_port_stalls, port5, Accumulator, 497296000, 94, 0, 0, 0, 0, 0
rtr_9x7x13, idle_time, port5, Accumulator, 497296000, 94, 353936000, 76786344000000, 29816, 4000, 7734000
rtr_9x7x13, width_adj_count, port5, Accumulator, 497296000, 94, 0, 0, 0, 0, 0
rtr_9x7x13, send_bit_count, port6, Accumulator, 497296000, 94, 2621440, 167772160, 40960, 64, 64
rtr_9x7x13, send_packet_count, port6, Accumulator, 497296000, 94, 40960, 40960, 40960, 1, 1
rtr_9x7x13, output_port_stalls, port6, Accumulator, 497296000, 94, 0, 0, 0, 0, 0
rtr_9x7x13, idle_time, port6, Accumulator, 497296000, 94, 415376000, 12335584000000, 27254, 4000, 1068000
rtr_9x7x13, width_adj_count, port6, Accumulator, 497296000, 94, 0, 0, 0, 0, 0
rtr_9x7x13, xbar_stalls, port0, Accumulator, 497296000, 94, 8915, 8915, 8915, 1, 1
rtr_9x7x13, xbar_stalls, port1, Accumulator, 497296000, 94, 103074, 103074, 103074, 1, 1
rtr_9x7x13, xbar_stalls, port2, Accumulator, 497296000, 94, 7438, 7438, 7438, 1, 1
rtr_9x7x13, xbar_stalls, port3, Accumulator, 497296000, 94, 8584, 8584, 8584, 1, 1
rtr_9x7x13, xbar_stalls, port4, Accumulator, 497296000, 94, 4148, 4148, 4148, 1, 1
rtr_9x7x13, xbar_stalls, port5, Accumulator, 497296000, 94, 7900, 7900, 7900, 1, 1
rtr_9x7x13, xbar_stalls, port6, Accumulator, 497296000, 94, 97972, 97972, 97972, 1, 1
testNic_3449:networkIF, packet_latency, , Accumulator, 497296000, 94, 578445105, 54264420472959, 40960, 147, 304342
testNic_3449:networkIF, send_bit_count, , Accumulator, 497296000, 94, 2621440, 167772160, 40960, 64, 64
testNic_3449:networkIF, output_port_stalls, , Accumulator, 497296000, 94, 162579000, 4966749000000, 16005, 1000, 114000
testNic_3449:networkIF, idle_time, , Accumulator, 497296000, 94, 1361000, 31005000000, 110, 2000, 60000
rtr_10x7x13, send_bit_count, port0, Accumulator, 497296000, 94, 5898240, 377487360, 92160, 64, 64
rtr_10x7x13, send_packet_count, port0, Accumulator, 497296000, 94, 92160, 92160, 92160, 1, 1
rtr_10x7x13, output_port_stalls, port0, Accumulator, 497296000, 94, 110572000, 1586640000000, 14450, 2000, 54000
rtr_10x7x13, idle_time, port0, Accumulator, 497296000, 94, 168300000, 2141500144000000, 10759, 4000, 46246000
rtr_10x7x13, width_adj_count, port0, Accumulator, 497296000, 94, 0, 0, 0, 0, 0
rtr_10x7x13, send_bit_count, port1, Accumulator, 497296000, 94, 4587520, 293601280, 71680, 64, 64
rtr_10x7x13, send_packet_count, port1, Accumulator, 497296000, 94, 71680, 71680, 71680, 1, 1
rtr_10x7x13, output_port_stalls, port1, Accumulator, 497296000, 94, 60000, 120000000, 30, 2000, 2000
rtr_10x7x13, idle_time, port1, Accumulator, 497296000, 94, 353220000, 1517297840000000, 11803, 4000, 38330000
rtr_10x7x13, width_adj_count, port1, Accumulator, 497296000, 94, 0, 0, 0, 0, 0
rtr_10x7x13, send_bit_count, port2, Accumulator, 497296000, 94, 5898240, 377487360, 92160, 64, 64
rtr_10x7x13, send_packet_count, port2, Accumulator, 497296000, 94, 92160, 92160, 92160, 1, 1
rtr_10x7x13, output_port_stalls, port2, Accumulator, 497296000, 94, 0, 0, 0, 0, 0
rtr_10x7x13, idle_time, port2, Accumulator, 497296000, 94, 312976000, 6226160000000, 37323, 4000, 1530000
rtr_10x7x13, width_adj_count, port2, Accumulator, 497296000, 94, 0, 0, 0, 0, 0
rtr_10x7x13, send_bit_count, port3, Accumulator, 497296000, 94, 4587520, 293601280, 71680, 64, 64
rtr_10x7x13, send_packet_count, port3, Accumulator, 497296000, 94, 71680, 71680, 71680, 1, 1
rtr_10x7x13, output_port_stalls, port3, Accumulator, 497296000, 94, 0, 0, 0, 0, 0
rtr_10x7x13, idle_time, port3, Accumulator, 497296000, 94, 353936000, 11198680000000, 35620, 4000, 2288000
rtr_10x7x13, width_adj_count, port3, Accumulator, 497296000, 94, 0, 0, 0, 0, 0
rtr_10x7x13, send_bit_count, port4, Accumulator, 497296000, 94, 5898240, 377487360, 92160, 64, 64
rtr_10x7x13, send_packet_count, port4, Accumulator, 497296000, 94, 92160, 92160, 92160, 1, 1
rtr_10x7x13, output_port_stalls, port4, Accumulator, 497296000, 94, 36000, 80000000, 17, 2000, 4000
rtr_10x7x13, idle_time, port4, Accumulator, 497296000, 94, 312062000, 20570060000000, 31850, 4000, 3702000
rtr_10x7x13, width_adj_count, port4, Accumulator, 497296000, 94, 0, 0, 0, 0, 0
rtr_10x7x13, send_bit_count, port5, Accumulator, 497296000, 94, 4587520, 293601280, 71680, 64, 64
rtr_10x7x13, send_packet_count, port5, Accumulator, 497296000, 94, 71680, 71680, 71680, 1, 1
rtr_10x7x13, output_port_stalls, port5, Accumulator, 497296000, 94, 0, 0, 0, 0, 0
rtr_10x7x13, idle_time, port5, Accumulator, 497296000, 94, 353936000, 79513192000000, 30186, 4000, 7816000
rtr_10x7x13, width_adj_count, port5, Accumulator, 497296000, 94, 0, 0, 0, 0, 0
rtr_10x7x13, send_bit_count, port6, Accumulator, 497296000, 94, 2621440, 167772160, 40960, 64, 64
rtr_10x7x13, send_packet_count, port6, Accumulator, 497296000, 94, 40960, 40960, 40960, 1, 1
rtr_10x7x13, output_port_stalls, port6, Accumulator, 497296000, 94, 0, 0, 0, 0, 0
rtr_10x7x13, idle_time, port6, Accumulator, 497296000, 94, 415376000, 12554472000000, 27219, 4000, 1132000
rtr_10x7x13, width_adj_count, port6, Accumulator, 497296000, 94, 0, 0, 0, 0, 0
rtr_10x7x13, xbar_stalls, port0, Accumulator, 497296000, 94, 9280, 9280, 9280, 1, 1
rtr_10x7x13, xbar_stalls, port1, Accumulator, 497296000, 94, 88971, 88971, 88971, 1, 1
rtr_10x7x13, xbar_stalls, port2, Accumulator, 497296000, 94, 7471, 7471, 7471, 1, 1
rtr_10x7x13, xbar_stalls, port3, Accumulator, 497296000, 94, 8745, 8745, 8745, 1, 1
rtr_10x7x13, xbar_stalls, port4, Accumulator, 497296000, 94, 4144, 4144, 4144, 1, 1
rtr_10x7x13, xbar_stalls, port5, Accumulator, 497296000, 94, 7723, 7723, 7723, 1, 1
rtr_10x7x13, xbar_stalls, port6, Accumulator, 497296000, 94, 84068, 84068, 84068, 1, 1
testNic_3450:networkIF, packet_latency, , Accumulator, 497296000, 94, 542764082, 42220197493220, 40960, 147, 277118
testNic_3450:networkIF, send_bit_count, , Accumulator, 497296000, 94, 2621440, 167772160, 40960, 64, 64
testNic_3450:networkIF, output_port_stalls, , Accumulator, 497296000, 94, 134463000, 2811685000000, 16162, 1000, 72000
testNic_3450:networkIF, idle_time, , Accumulator, 497296000, 94, 1315000, 30681000000, 103, 2000, 50000
rtr_11x7x13, send_bit_count, port0, Accumulator, 497296000, 94, 5898240, 377487360, 92160, 64, 64
rtr_11x7x13, send_packet_count, port0, Accumulator, 497296000, 94, 92160, 92160, 92160, 1, 1
rtr_11x7x13, output_port_stalls, port0, Accumulator, 497296000, 94, 83230000, 797460000000, 14199, 2000, 36000
rtr_11x7x13, idle_time, port0, Accumulator, 497296000, 94, 196090000, 5713887588000000, 10614, 4000, 75572000
rtr_11x7x13, width_adj_count, port0, Accumulator, 497296000, 94, 0, 0, 0, 0, 0
rtr_11x7x13, send_bit_count, port1, Accumulator, 497296000, 94, 4587520, 293601280, 71680, 64, 64
rtr_11x7x13, send_packet_count, port1, Accumulator, 497296000, 94, 71680, 71680, 71680, 1, 1
rtr_11x7x13, output_port_stalls, port1, Accumulator, 497296000, 94, 0, 0, 0, 0, 0
rtr_11x7x13, idle_time, port1, Accumulator, 497296000, 94, 353936000, 81048160000000, 12436, 4000, 4904000
rtr_11x7x13, width_adj_count, port1, Accumulator, 497296000, 94, 0, 0, 0, 0, 0
rtr_11x7x13, send_bit_count, port2, Accumulator, 497296000, 94, 5898240, 377487360, 92160, 64, 64
rtr_11x7x13, send_packet_count, port2, Accumulator, 497296000, 94, 92160, 92160, 92160, 1, 1
rtr_11x7x13, output_port_stalls, port2, Accumulator, 497296000, 94, 0, 0, 0, 0, 0
rtr_11x7x13, idle_time, port2, Accumulator, 497296000, 94, 312976000, 6457176000000, 37153, 4000, 1592000
rtr_11x7x13, width_adj_count, port2, Accumulator, 497296000, 94, 0, 0, 0, 0, 0
rtr_11x7x13, send_bit_count, port3, Accumulator, 497296000, 94, 4587520, 293601280, 71680, 64, 64
rtr_11x7x13, send_packet_count, port3, Accumulator, 497296000, 94, 71680, 71680, 71680, 1, 1
rtr_11x7x13, output_port_stalls, port3, Accumulator, 497296000, 94, 0, 0, 0, 0, 0
rtr_11x7x13, idle_time, port3, Accumulator, 497296000, 94, 353936000, 11530560000000, 35404, 4000, 2350000
rtr_11x7x13, width_adj_count, port3, Accumulator, 497296000, 94, 0, 0, 0, 0, 0
rtr_11x7x13, send_bit_count, port4, Accumulator, 497296000, 94, 5898240, 377487360, 92160, 64, 64
rtr_11x7x13, send_packet_count, port4, Accumulator, 497296000, 94, 92160, 92160, 92160, 1, 1
rtr_11x7x13, output_port_stalls, port4, Accumulator, 497296000, 94, 26000, 52000000, 13, 2000, 2000
rtr_11x7x13, idle_time, port4, Accumulator, 497296000, 94, 312156000, 21274344000000, 31929, 4000, 3768000
rtr_11x7x13, width_adj_count, port4, Accumulator, 497296000, 94, 0, 0, 0, 0, 0
rtr_11x7x13, send_bit_count, port5, Accumulator, 497296000, 94, 4587520, 293601280, 71680, 64, 64
rtr_11x7x13, send_packet_count, port5, Accumulator, 497296000, 94, 71680, 71680, 71680, 1, 1
rtr_11x7x13, output_port_stalls, port5, Accumulator, 497296000, 94, 0, 0, 0, 0, 0
rtr_11x7x13, idle_time, port5, Accumulator, 497296000, 94, 353936000, 77254816000000, 30129, 4000, 7864000
rtr_11x7x13, width_adj_count, port5, Accumulator, 497296000, 94, 0, 0, 0, 0, 0
rtr_11x7x13, send_bit_count, port6, Accumulator, 497296000, 94, 2621440, 167772160, 40960, 64, 64
rtr_11x7x13, send_packet_count, port6, Accumulator, 497296000, 94, 40960, 40960, 40960, 1, 1
rtr_11x7x13, output_port_stalls, port6, Accumulator, 497296000, 94, 0, 0, 0, 0, 0
rtr_11x7x13, idle_time, port6, Accumulator, 497296000, 94, 415376000, 12628232000000, 27170, 4000, 1194000
rtr_11x7x13, width_adj_count, port6, Accumulator, 497296000, 94, 0, 0, 0, 0, 0
rtr_11x7x13, xbar_stalls, port0, Accumulator, 497296000, 94, 9223, 9223, 9223, 1, 1
rtr_11x7x13, xbar_stalls, port1, Accumulator, 497296000, 94, 74824, 74824, 74824, 1, 1
rtr_11x7x13, xbar_stalls, port2, Accumulator, 497296000, 94, 7597, 7597, 7597, 1, 1
rtr_11x7x13, xbar_stalls, port3, Accumulator, 497296000, 94, 9109, 9109, 9109, 1, 1
rtr_11x7x13, xbar_stalls, port4, Accumulator, 497296000, 94, 4282, 4282, 4282, 1, 1
rtr_11x7x13, xbar_stalls, port5, Accumulator, 497296000, 94, 7915, 7915, 7915, 1, 1
rtr_11x7x13, xbar_stalls, port6, Accumulator, 497296000, 94, 70704, 70704, 70704, 1, 1
testNic_3451:networkIF, packet_latency, , Accumulator, 497296000, 94, 516554722, 34018982630168, 40960, 147, 248530
testNic_3451:networkIF, send_bit_count, , Accumulator, 497296000, 94, 2621440, 167772160, 40960, 64, 64
testNic_3451:networkIF, output_port_stalls, , Accumulator, 497296000, 94, 107727000, 1517005000000, 16176, 1000, 62000
testNic_3451:networkIF, idle_time, , Accumulator, 497296000, 94, 1279000, 30969000000, 99, 2000, 62000
rtr_12x7x13, send_bit_count, port0, Accumulator, 497296000, 94, 5898240, 377487360, 92160, 64, 64
rtr_12x7x13, send_packet_count, port0, Accumulator, 497296000, 94, 92160, 92160, 92160, 1, 1
rtr_12x7x13, output_port_stalls, port0, Accumulator, 497296000, 94, 56960000, 350856000000, 13252, 2000, 24000
rtr_12x7x13, idle_time, port0, Accumulator, 497296000, 94, 223702000, 10983660268000000, 10493, 4000, 104790000
rtr_12x7x13, width_adj_count, port0, Accumulator, 497296000, 94, 0, 0, 0, 0, 0
rtr_12x7x13, send_bit_count, port1, Accumulator, 497296000, 94, 4587520, 293601280, 71680, 64, 64
rtr_12x7x13, send_packet_count, port1, Accumulator, 497296000, 94, 71680, 71680, 71680, 1, 1
rtr_12x7x13, output_port_stalls, port1, Accumulator, 497296000, 94, 44000, 88000000, 22, 2000, 2000
rtr_12x7x13, idle_time, port1, Accumulator, 497296000, 94, 353464000, 80552088000000, 12794, 4000, 4966000
rtr_12x7x13, width_adj_count, port1, Accumulator, 497296000, 94, 0, 0, 0, 0, 0
rtr_12x7x13, send_bit_count, port2, Accumulator, 497296000, 94, 5898240, 377487360, 92160, 64, 64
rtr_12x7x13, send_packet_count, port2, Accumulator, 497296000, 94, 92160, 92160, 92160, 1, 1
rtr_12x7x13, output_port_stalls, port2, Accumulator, 497296000, 94, 0, 0, 0, 0, 0
rtr_12x7x13, idle_time, port2, Accumulator, 497296000, 94, 312976000, 6655360000000, 37158, 4000, 1654000
rtr_12x7x13, width_adj_count, port2, Accumulator, 497296000, 94, 0, 0, 0, 0, 0
rtr_12x7x13, send_bit_count, port3, Accumulator, 497296000, 94, 4587520, 293601280, 71680, 64, 64
rtr_12x7x13, send_packet_count, port3, Accumulator, 497296000, 94, 71680, 71680, 71680, 1, 1
rtr_12x7x13, output_port_stalls, port3, Accumulator, 497296000, 94, 0, 0, 0, 0, 0
rtr_12x7x13, idle_time, port3, Accumulator, 497296000, 94, 353936000, 11840424000000, 35384, 4000, 2412000
rtr_12x7x13, width_adj_count, port3, Accumulator, 497296000, 94, 0, 0, 0, 0, 0
rtr_12x7x13, send_bit_count, port4, Accumulator, 497296000, 94, 5898240, 377487360, 92160, 64, 64
rtr_12x7x13, send_packet_count, port4, Accumulator, 497296000, 94, 92160, 92160, 92160, 1, 1
rtr_12x7x13, output_port_stalls, port4, Accumulator, 497296000, 94, 38000, 76000000, 19, 2000, 2000
rtr_12x7x13, idle_time, port4, Accumulator, 497296000, 94, 311968000, 22276504000000, 31676, 4000, 3830000
rtr_12x7x13, width_adj_count, port4, Accumulator, 497296000, 94, 0, 0, 0, 0, 0
rtr_12x7x13, send_bit_count, port5, Accumulator, 497296000, 94, 4587520, 293601280, 71680, 64, 64
rtr_12x7x13, send_packet_count, port5, Accumulator, 497296000, 94, 71680, 71680, 71680, 1, 1
rtr_12x7x13, output_port_stalls, port5, Accumulator, 497296000, 94, 0, 0, 0, 0, 0
rtr_12x7x13, idle_time, port5, Accumulator, 497296000, 94, 353936000, 83244952000000, 30059, 4000, 8152000
rtr_12x7x13, width_adj_count, port5, Accumulator, 497296000, 94, 0, 0, 0, 0, 0
rtr_12x7x13, send_bit_count, port6, Accumulator, 497296000, 94, 2621440, 167772160, 40960, 64, 64
rtr_12x7x13, send_packet_count, port6, Accumulator, 497296000, 94, 40960, 40960, 40960, 1, 1
rtr_12x7x13, output_port_stalls, port6, Accumulator, 497296000, 94, 0, 0, 0, 0, 0
rtr_12x7x13, idle_time, port6, Accumulator, 497296000, 94, 415376000, 12755968000000, 27262, 4000, 1256000
rtr_12x7x13, width_adj_count, port6, Accumulator, 497296000, 94, 0, 0, 0, 0, 0
rtr_12x7x13, xbar_stalls, port0, Accumulator, 497296000, 94, 8777, 8777, 8777, 1, 1
rtr_12x7x13, xbar_stalls, port1, Accumulator, 497296000, 94, 60911, 60911, 60911, 1, 1
rtr_12x7x13, xbar_stalls, port2, Accumulator, 497296000, 94, 7831, 7831, 7831, 1, 1
rtr_12x7x13, xbar_stalls, port3, Accumulator, 497296000, 94, 9332, 9332, 9332, 1, 1
rtr_12x7x13, xbar_stalls, port4, Accumulator, 497296000, 94, 4232, 4232, 4232, 1, 1
rtr_12x7x13, xbar_stalls, port5, Accumulator, 497296000, 94, 7636, 7636, 7636, 1, 1
rtr_12x7x13, xbar_stalls, port6, Accumulator, 497296000, 94, 57727, 57727, 57727, 1, 1
testNic_3452:networkIF, packet_latency, , Accumulator, 497296000, 94, 490558470, 27250940037976, 40960, 147, 218628
testNic_3452:networkIF, send_bit_count, , Accumulator, 497296000, 94, 2621440, 167772160, 40960, 64, 64
testNic_3452:networkIF, output_port_stalls, , Accumulator, 497296000, 94, 82209000, 760945000000, 15940, 1000, 44000
testNic_3452:networkIF, idle_time, , Accumulator, 497296000, 94, 1345000, 31157000000, 103, 2000, 48000
rtr_13x7x13, send_bit_count, port0, Accumulator, 497296000, 94, 5898240, 377487360, 92160, 64, 64
rtr_13x7x13, send_packet_count, port0, Accumulator, 497296000, 94, 92160, 92160, 92160, 1, 1
rtr_13x7x13, output_port_stalls, port0, Accumulator, 497296000, 94, 33804000, 126568000000, 11129, 2000, 14000
rtr_13x7x13, idle_time, port0, Accumulator, 497296000, 94, 250602000, 17709250012000000, 10297, 4000, 133066000
rtr_13x7x13, width_adj_count, port0, Accumulator, 497296000, 94, 0, 0, 0, 0, 0
rtr_13x7x13, send_bit_count, port1, Accumulator, 497296000, 94, 4587520, 293601280, 71680, 64, 64
rtr_13x7x13, send_packet_count, port1, Accumulator, 497296000, 94, 71680, 71680, 71680, 1, 1
rtr_13x7x13, output_port_stalls, port1, Accumulator, 497296000, 94, 0, 0, 0, 0, 0
rtr_13x7x13, idle_time, port1, Accumulator, 497296000, 94, 353936000, 78762208000000, 13500, 4000, 5028000
rtr_13x7x13, width_adj_count, port1, Accumulator, 497296000, 94, 0, 0, 0, 0, 0
rtr_13x7x13, send_bit_count, port2, Accumulator, 497296000, 94, 5898240, 377487360, 92160, 64, 64
rtr_13x7x13, send_packet_count, port2, Accumulator, 497296000, 94, 92160, 92160, 92160, 1, 1
rtr_13x7x13, output_port_stalls, port2, Accumulator, 497296000, 94, 0, 0, 0, 0, 0
rtr_13x7x13, idle_time, port2, Accumulator, 497296000, 94, 312976000, 6840216000000, 37180, 4000, 1716000
rtr_13x7x13, width_adj_count, port2, Accumulator, 497296000, 94, 0, 0, 0, 0, 0
rtr_13x7x13, send_bit_count, port3, Accumulator, 497296000, 94, 4587520, 293601280, 71680, 64, 64
rtr_13x7x13, send_packet_count, port3, Accumulator, 497296000, 94, 71680, 71680, 71680, 1, 1
rtr_13x7x13, output_port_stalls, port3, Accumulator, 497296000, 94, 0, 0, 0, 0, 0
rtr_13x7x13, idle_time, port3, Accumulator, 497296000, 94, 353936000, 12106912000000, 35431, 4000, 2474000
rtr_13x7x13, width_adj_count, port3, Accumulator, 497296000, 94, 0, 0, 0, 0, 0
rtr_13x7x13, send_bit_count, port4, Accumulator, 497296000, 94, 5898240, 377487360, 92160, 64, 64
rtr_13x7x13, send_packet_count, port4, Accumulator, 497296000, 94, 92160, 92160, 92160, 1, 1
rtr_13x7x13, output_port_stalls, port4, Accumulator, 497296000, 94, 40000, 80000000, 20, 2000, 2000
rtr_13x7x13, idle_time, port4, Accumulator, 497296000, 94, 311892000, 22755456000000, 31400, 4000, 3892000
rtr_13x7x13, width_adj_count, port4, Accumulator, 497296000, 94, 0, 0, 0, 0, 0
rtr_13x7x13, send_bit_count, port5, Accumulator, 497296000, 94, 4587520, 293601280, 71680, 64, 64
rtr_13x7x13, send_packet_count, port5, Accumulator, 497296000, 94, 71680, 71680, 71680, 1, 1
rtr_13x7x13, output_port_stalls, port5, Accumulator, 497296000, 94, 0, 0, 0, 0, 0
rtr_13x7x13, idle_time, port5, Accumulator, 497296000, 94, 353936000, 84850968000000, 29980, 4000, 8348000
rtr_13x7x13, width_adj_count, port5, Accumulator, 497296000, 94, 0, 0, 0, 0, 0
rtr_13x7x13, send_bit_count, port6, Accumulator, 497296000, 94, 2621440, 167772160, 40960, 64, 64
rtr_13x7x13, send_packet_count, port6, Accumulator, 497296000, 94, 40960, 40960, 40960, 1, 1
rtr_13x7x13, output_port_stalls, port6, Accumulator, 497296000, 94, 0, 0, 0, 0, 0
rtr_13x7x13, idle_time, port6, Accumulator, 497296000, 94, 415376000, 13009272000000, 27160, 4000, 1320000
rtr_13x7x13, width_adj_count, port6, Accumulator, 497296000, 94, 0, 0, 0, 0, 0
rtr_13x7x13, xbar_stalls, port0, Accumulator, 497296000, 94, 8038, 8038, 8038, 1, 1
rtr_13x7x13, xbar_stalls, port1, Accumulator, 497296000, 94, 47280, 47280, 47280, 1, 1
rtr_13x7x13, xbar_stalls, port2, Accumulator, 497296000, 94, 7811, 7811, 7811, 1, 1
rtr_13x7x13, xbar_stalls, port3, Accumulator, 497296000, 94, 9308, 9308, 9308, 1, 1
rtr_13x7x13, xbar_stalls, port4, Accumulator, 497296000, 94, 4374, 4374, 4374, 1, 1
rtr_13x7x13, xbar_stalls, port5, Accumulator, 497296000, 94, 7786, 7786, 7786, 1, 1
rtr_13x7x13, xbar_stalls, port6, Accumulator, 497296000, 94, 45393, 45393, 45393, 1, 1
testNic_3453:networkIF, packet_latency, , Accumulator, 497296000, 94, 464682542, 21720289039288, 40960, 147, 195784
testNic_3453:networkIF, send_bit_count, , Accumulator, 497296000, 94, 2621440, 167772160, 40960, 64, 64
testNic_3453:networkIF, output_port_stalls, , Accumulator, 497296000, 94, 59319000, 351757000000, 15063, 1000, 30000
testNic_3453:networkIF, idle_time, , Accumulator, 497296000, 94, 1305000, 32277000000, 98, 2000, 52000
rtr_14x7x13, send_bit_count, port0, Accumulator, 497296000, 94, 5898240, 377487360, 92160, 64, 64
rtr_14x7x13, send_packet_count, port0, Accumulator, 497296000, 94, 92160, 92160, 92160, 1, 1
rtr_14x7x13, output_port_stalls, port0, Accumulator, 497296000, 94, 14600000, 32608000000, 6950, 2000, 8000
rtr_14x7x13, idle_time, port0, Accumulator, 497296000, 94, 277234000, 25995201564000000, 10202, 4000, 161222000
rtr_14x7x13, width_adj_count, port0, Accumulator, 497296000, 94, 0, 0, 0, 0, 0
rtr_14x7x13, send_bit_count, port1, Accumulator, 497296000, 94, 4587520, 293601280, 71680, 64, 64
rtr_14x7x13, send_packet_count, port1, Accumulator, 497296000, 94, 71680, 71680, 71680, 1, 1
rtr_14x7x13, output_port_stalls, port1, Accumulator, 497296000, 94, 0, 0, 0, 0, 0
rtr_14x7x13, idle_time, port1, Accumulator, 497296000, 94, 353936000, 78746336000000, 14087, 4000, 5090000
rtr_14x7x13, width_adj_count, port1, Accumulator, 497296000, 94, 0, 0, 0, 0, 0
rtr_14x7x13, send_bit_count, port2, Accumulator, 497296000, 94, 5898240, 377487360, 92160, 64, 64
rtr_14x7x13, send_packet_count, port2, Accumulator, 497296000, 94, 92160, 92160, 92160, 1, 1
rtr_14x7x13, output_port_stalls, port2, Accumulator, 497296000, 94, 0, 0, 0, 0, 0
rtr_14x7x13, idle_time, port2, Accumulator, 497296000, 94, 312976000, 7073376000000, 37149, 4000, 1778000
rtr_14x7x13, width_adj_count, port2, Accumulator, 497296000, 94, 0, 0, 0, 0, 0
rtr_14x7x13, send_bit_count, port3, Accumulator, 497296000, 94, 4587520, 293601280, 71680, 64, 64
rtr_14x7x13, send_packet_count, port3, Accumulator, 497296000, 94, 71680, 71680, 71680, 1, 1
rtr_14x7x13, output_port_stalls, port3, Accumulator, 497296000, 94, 0, 0, 0, 0, 0
rtr_14x7x13, idle_time, port3, Accumulator, 497296000, 94, 353936000, 12406808000000, 35536, 4000, 2536000
rtr_14x7x13, width_adj_count, port3, Accumulator, 497296000, 94, 0, 0, 0, 0, 0
rtr_14x7x13, send_bit_count, port4, Accumulator, 497296000, 94, 5898240, 377487360, 92160, 64, 64
rtr_14x7x13, send_packet_count, port4, Accumulator, 497296000, 94, 92160, 92160, 92160, 1, 1
rtr_14x7x13, output_port_stalls, port4, Accumulator, 497296000, 94, 102000, 212000000, 50, 2000, 4000
rtr_14x7x13, idle_time, port4, Accumulator, 497296000, 94, 311482000, 23281428000000, 31389, 4000, 3954000
rtr_14x7x13, width_adj_count, port4, Accumulator, 497296000, 94, 0, 0, 0, 0, 0
rtr_14x7x13, send_bit_count, port5, Accumulator, 497296000, 94, 4587520, 293601280, 71680, 64, 64
rtr_14x7x13, send_packet_count, port5, Accumulator, 497296000, 94, 71680, 71680, 71680, 1, 1
rtr_14x7x13, output_port_stalls, port5, Accumulator, 497296000, 94, 0, 0, 0, 0, 0
rtr_14x7x13, idle_time, port5, Accumulator, 497296000, 94, 353936000, 80947024000000, 29919, 4000, 8030000
rtr_14x7x13, width_adj_count, port5, Accumulator, 497296000, 94, 0, 0, 0, 0, 0
rtr_14x7x13, send_bit_count, port6, Accumulator, 497296000, 94, 2621440, 167772160, 40960, 64, 64
rtr_14x7x13, send_packet_count, port6, Accumulator, 497296000, 94, 40960, 40960, 40960, 1, 1
rtr_14x7x13, output_port_stalls, port6, Accumulator, 497296000, 94, 0, 0, 0, 0, 0
rtr_14x7x13, idle_time, port6, Accumulator, 497296000, 94, 415376000, 13228152000000, 27285, 4000, 1382000
rtr_14x7x13, width_adj_count, port6, Accumulator, 497296000, 94, 0, 0, 0, 0, 0
rtr_14x7x13, xbar_stalls, port0, Accumulator, 497296000, 94, 6089, 6089, 6089, 1, 1
rtr_14x7x13, xbar_stalls, port1, Accumulator, 497296000, 94, 33794, 33794, 33794, 1, 1
rtr_14x7x13, xbar_stalls, port2, Accumulator, 497296000, 94, 7753, 7753, 7753, 1, 1
rtr_14x7x13, xbar_stalls, port3, Accumulator, 497296000, 94, 9445, 9445, 9445, 1, 1
rtr_14x7x13, xbar_stalls, port4, Accumulator, 497296000, 94, 4273, 4273, 4273, 1, 1
rtr_14x7x13, xbar_stalls, port5, Accumulator, 497296000, 94, 7898, 7898, 7898, 1, 1
rtr_14x7x13, xbar_stalls, port6, Accumulator, 497296000, 94, 32504, 32504, 32504, 1, 1
testNic_3454:networkIF, packet_latency, , Accumulator, 497296000, 94, 438472112, 17248082033188, 40960, 147, 195720
testNic_3454:networkIF, send_bit_count, , Accumulator, 497296000, 94, 2621440, 167772160, 40960, 64, 64
testNic_3454:networkIF, output_port_stalls, , Accumulator, 497296000, 94, 37885000, 139417000000, 12888, 1000, 14000
testNic_3454:networkIF, idle_time, , Accumulator, 497296000, 94, 1337000, 31421000000, 106, 2000, 74000
rtr_15x7x13, send_bit_count, port0, Accumulator, 497296000, 94, 5898240, 377487360, 92160, 64, 64
rtr_15x7x13, send_packet_count, port0, Accumulator, 497296000, 94, 92160, 92160, 92160, 1, 1
rtr_15x7x13, output_port_stalls, port0, Accumulator, 497296000, 94, 1246000, 2660000000, 604, 2000, 6000
rtr_15x7x13, idle_time, port0, Accumulator, 497296000, 94, 307120000, 36088189280000000, 10810, 4000, 189962000
rtr_15x7x13, width_adj_count, port0, Accumulator, 497296000, 94, 0, 0, 0, 0, 0
rtr_15x7x13, send_bit_count, port1, Accumulator, 497296000, 94, 4587520, 293601280, 71680, 64, 64
rtr_15x7x13, send_packet_count, port1, Accumulator, 497296000, 94, 71680, 71680, 71680, 1, 1
rtr_15x7x13, output_port_stalls, port1, Accumulator, 497296000, 94, 0, 0, 0, 0, 0
rtr_15x7x13, idle_time, port1, Accumulator, 497296000, 94, 353936000, 78085976000000, 13716, 4000, 5152000
rtr_15x7x13, width_adj_count, port1, Accumulator, 497296000, 94, 0, 0, 0, 0, 0
rtr_15x7x13, send_bit_count, port2, Accumulator, 497296000, 94, 5898240, 377487360, 92160, 64, 64
rtr_15x7x13, send_packet_count, port2, Accumulator, 497296000, 94, 92160, 92160, 92160, 1, 1
rtr_15x7x13, output_port_stalls, port2, Accumulator, 497296000, 94, 0, 0, 0, 0, 0
rtr_15x7x13, idle_time, port2, Accumulator, 497296000, 94, 312976000, 7280040000000, 37119, 4000, 1840000
rtr_15x7x13, width_adj_count, port2, Accumulator, 497296000, 94, 0, 0, 0, 0, 0
rtr_15x7x13, send_bit_count, port3, Accumulator, 497296000, 94, 4587520, 293601280, 71680, 64, 64
rtr_15x7x13, send_packet_count, port3, Accumulator, 497296000, 94, 71680, 71680, 71680, 1, 1
rtr_15x7x13, output_port_stalls, port3, Accumulator, 497296000, 94, 0, 0, 0, 0, 0
rtr_15x7x13, idle_time, port3, Accumulator, 497296000, 94, 353936000, 12731776000000, 35578, 4000, 2598000
rtr_15x7x13, width_adj_count, port3, Accumulator, 497296000, 94, 0, 0, 0, 0, 0
rtr_15x7x13, send_bit_count, port4, Accumulator, 497296000, 94, 5898240, 377487360, 92160, 64, 64
rtr_15x7x13, send_packet_count, port4, Accumulator, 497296000, 94, 92160, 92160, 92160, 1, 1
rtr_15x7x13, output_port_stalls, port4, Accumulator, 497296000, 94, 84000, 168000000, 42, 2000, 2000
rtr_15x7x13, idle_time, port4, Accumulator, 497296000, 94, 311522000, 23750660000000, 31272, 4000, 4016000
rtr_15x7x13, width_adj_count, port4, Accumulator, 497296000, 94, 0, 0, 0, 0, 0
rtr_15x7x13, send_bit_count, port5, Accumulator, 497296000, 94, 4587520, 293601280, 71680, 64, 64
rtr_15x7x13, send_packet_count, port5, Accumulator, 497296000, 94, 71680, 71680, 71680, 1, 1
rtr_15x7x13, output_port_stalls, port5, Accumulator, 497296000, 94, 0, 0, 0, 0, 0
rtr_15x7x13, idle_time, port5, Accumulator, 497296000, 94, 353936000, 78827960000000, 29555, 4000, 7888000
rtr_15x7x13, width_adj_count, port5, Accumulator, 497296000, 94, 0, 0, 0, 0, 0
rtr_15x7x13, send_bit_count, port6, Accumulator, 497296000, 94, 2621440, 167772160, 40960, 64, 64
rtr_15x7x13, send_packet_count, port6, Accumulator, 497296000, 94, 40960, 40960, 40960, 1, 1
rtr_15x7x13, output_port_stalls, port6, Accumulator, 497296000, 94, 0, 0, 0, 0, 0
rtr_15x7x13, idle_time, port6, Accumulator, 497296000, 94, 415376000, 13323704000000, 27273, 4000, 1444000
rtr_15x7x13, width_adj_count, port6, Accumulator, 497296000, 94, 0, 0, 0, 0, 0
rtr_15x7x13, xbar_stalls, port0, Accumulator, 497296000, 94, 4248, 4248, 4248, 1, 1
rtr_15x7x13, xbar_stalls, port1, Accumulator, 497296000, 94, 20430, 20430, 20430, 1, 1
rtr_15x7x13, xbar_stalls, port2, Accumulator, 497296000, 94, 7852, 7852, 7852, 1, 1
rtr_15x7x13, xbar_stalls, port3, Accumulator, 497296000, 94, 9290, 9290, 9290, 1, 1
rtr_15x7x13, xbar_stalls, port4, Accumulator, 497296000, 94, 4129, 4129, 4129, 1, 1
rtr_15x7x13, xbar_stalls, port5, Accumulator, 497296000, 94, 7768, 7768, 7768, 1, 1
rtr_15x7x13, xbar_stalls, port6, Accumulator, 497296000, 94, 20165, 20165, 20165, 1, 1
testNic_3455:networkIF, packet_latency, , Accumulator, 497296000, 94, 413046293, 13694974175641, 40960, 147, 195668
testNic_3455:networkIF, send_bit_count, , Accumulator, 497296000, 94, 2621440, 167772160, 40960, 64, 64
testNic_3455:networkIF, output_port_stalls, , Accumulator, 497296000, 94, 19967000, 44525000000, 9519, 1000, 10000
testNic_3455:networkIF, idle_time, , Accumulator, 497296000, 94, 1295000, 33777000000, 94, 2000, 66000
rtr_0x8x13, send_bit_count, port0, Accumulator, 497296000, 94, 5898240, 377487360, 92160, 64, 64
rtr_0x8x13, send_packet_count, port0, Accumulator, 497296000, 94, 92160, 92160, 92160, 1, 1
rtr_0x8x13, output_port_stalls, port0, Accumulator, 497296000, 94, 148568000, 4237416000000, 15292, 2000, 136000
rtr_0x8x13, idle_time, port0, Accumulator, 497296000, 94, 39578000, 1471958340000000, 252, 4000, 38366000
rtr_0x8x13, width_adj_count, port0, Accumulator, 497296000, 94, 0, 0, 0, 0, 0
rtr_0x8x13, send_bit_count, port1, Accumulator, 497296000, 94, 4587520, 293601280, 71680, 64, 64
rtr_0x8x13, send_packet_count, port1, Accumulator, 497296000, 94, 71680, 71680, 71680, 1, 1
rtr_0x8x13, output_port_stalls, port1, Accumulator, 497296000, 94, 0, 0, 0, 0, 0
rtr_0x8x13, idle_time, port1, Accumulator, 497296000, 94, 353936000, 119319336000000, 11291, 4000, 4526000
rtr_0x8x13, width_adj_count, port1, Accumulator, 497296000, 94, 0, 0, 0, 0, 0
rtr_0x8x13, send_bit_count, port2, Accumulator, 497296000, 94, 5898240, 377487360, 92160, 64, 64
rtr_0x8x13, send_packet_count, port2, Accumulator, 497296000, 94, 92160, 92160, 92160, 1, 1
rtr_0x8x13, output_port_stalls, port2, Accumulator, 497296000, 94, 0, 0, 0, 0, 0
rtr_0x8x13, idle_time, port2, Accumulator, 497296000, 94, 312976000, 7494496000000, 37234, 4000, 1872000
rtr_0x8x13, width_adj_count, port2, Accumulator, 497296000, 94, 0, 0, 0, 0, 0
rtr_0x8x13, send_bit_count, port3, Accumulator, 497296000, 94, 4587520, 293601280, 71680, 64, 64
rtr_0x8x13, send_packet_count, port3, Accumulator, 497296000, 94, 71680, 71680, 71680, 1, 1
rtr_0x8x13, output_port_stalls, port3, Accumulator, 497296000, 94, 0, 0, 0, 0, 0
rtr_0x8x13, idle_time, port3, Accumulator, 497296000, 94, 353936000, 12178008000000, 35610, 4000, 2522000
rtr_0x8x13, width_adj_count, port3, Accumulator, 497296000, 94, 0, 0, 0, 0, 0
rtr_0x8x13, send_bit_count, port4, Accumulator, 497296000, 94, 5898240, 377487360, 92160, 64, 64
rtr_0x8x13, send_packet_count, port4, Accumulator, 497296000, 94, 92160, 92160, 92160, 1, 1
rtr_0x8x13, output_port_stalls, port4, Accumulator, 497296000, 94, 98000, 196000000, 49, 2000, 2000
rtr_0x8x13, idle_time, port4, Accumulator, 497296000, 94, 311540000, 23737664000000, 31096, 4000, 4018000
rtr_0x8x13, width_adj_count, port4, Accumulator, 497296000, 94, 0, 0, 0, 0, 0
rtr_0x8x13, send_bit_count, port5, Accumulator, 497296000, 94, 4587520, 293601280, 71680, 64, 64
rtr_0x8x13, send_packet_count, port5, Accumulator, 497296000, 94, 71680, 71680, 71680, 1, 1
rtr_0x8x13, output_port_stalls, port5, Accumulator, 497296000, 94, 0, 0, 0, 0, 0
rtr_0x8x13, idle_time, port5, Accumulator, 497296000, 94, 353936000, 75510544000000, 29643, 4000, 7746000
rtr_0x8x13, width_adj_count, port5, Accumulator, 497296000, 94, 0, 0, 0, 0, 0
rtr_0x8x13, send_bit_count, port6, Accumulator, 497296000, 94, 2621440, 167772160, 40960, 64, 64
rtr_0x8x13, send_packet_count, port6, Accumulator, 497296000, 94, 40960, 40960, 40960, 1, 1
rtr_0x8x13, output_port_stalls, port6, Accumulator, 497296000, 94, 0, 0, 0, 0, 0
rtr_0x8x13, idle_time, port6, Accumulator, 497296000, 94, 415376000, 13479376000000, 27286, 4000, 1442000
rtr_0x8x13, width_adj_count, port6, Accumulator, 497296000, 94, 0, 0, 0, 0, 0
rtr_0x8x13, xbar_stalls, port0, Accumulator, 497296000, 94, 11831, 11831, 11831, 1, 1
rtr_0x8x13, xbar_stalls, port1, Accumulator, 497296000, 94, 6262, 6262, 6262, 1, 1
rtr_0x8x13, xbar_stalls, port2, Accumulator, 497296000, 94, 7444, 7444, 7444, 1, 1
rtr_0x8x13, xbar_stalls, port3, Accumulator, 497296000, 94, 9884, 9884, 9884, 1, 1
rtr_0x8x13, xbar_stalls, port4, Accumulator, 497296000, 94, 4160, 4160, 4160, 1, 1
rtr_0x8x13, xbar_stalls, port5, Accumulator, 497296000, 94, 7789, 7789, 7789, 1, 1
rtr_0x8x13, xbar_stalls, port6, Accumulator, 497296000, 94, 188278, 188278, 188278, 1, 1
testNic_3456:networkIF, packet_latency, , Accumulator, 497296000, 94, 376747894, 10644400682722, 40960, 147, 195660
testNic_3456:networkIF, send_bit_count, , Accumulator, 497296000, 94, 2621440, 167772160, 40960, 64, 64
testNic_3456:networkIF, output_port_stalls, , Accumulator, 497296000, 94, 352779000, 280907365000000, 11310, 1000, 3200000
testNic_3456:networkIF, idle_time, , Accumulator, 497296000, 94, 1145000, 30125000000, 73, 2000, 54000
rtr_1x8x13, send_bit_count, port0, Accumulator, 497296000, 94, 5898240, 377487360, 92160, 64, 64
rtr_1x8x13, send_packet_count, port0, Accumulator, 497296000, 94, 92160, 92160, 92160, 1, 1
rtr_1x8x13, output_port_stalls, port0, Accumulator, 497296000, 94, 178694000, 4867396000000, 20687, 2000, 158000
rtr_1x8x13, idle_time, port0, Accumulator, 497296000, 94, 20718000, 21499468000000, 1030, 4000, 4604000
rtr_1x8x13, width_adj_count, port0, Accumulator, 497296000, 94, 0, 0, 0, 0, 0
rtr_1x8x13, send_bit_count, port1, Accumulator, 497296000, 94, 4587520, 293601280, 71680, 64, 64
rtr_1x8x13, send_packet_count, port1, Accumulator, 497296000, 94, 71680, 71680, 71680, 1, 1
rtr_1x8x13, output_port_stalls, port1, Accumulator, 497296000, 94, 100000, 200000000, 50, 2000, 2000
rtr_1x8x13, idle_time, port1, Accumulator, 497296000, 94, 353206000, 86270084000000, 12623, 4000, 4588000
rtr_1x8x13, width_adj_count, port1, Accumulator, 497296000, 94, 0, 0, 0, 0, 0
rtr_1x8x13, send_bit_count, port2, Accumulator, 497296000, 94, 5898240, 377487360, 92160, 64, 64
rtr_1x8x13, send_packet_count, port2, Accumulator, 497296000, 94, 92160, 92160, 92160, 1, 1
rtr_1x8x13, output_port_stalls, port2, Accumulator, 497296000, 94, 0, 0, 0, 0, 0
rtr_1x8x13, idle_time, port2, Accumulator, 497296000, 94, 312976000, 7715992000000, 37078, 4000, 1932000
rtr_1x8x13, width_adj_count, port2, Accumulator, 497296000, 94, 0, 0, 0, 0, 0
rtr_1x8x13, send_bit_count, port3, Accumulator, 497296000, 94, 4587520, 293601280, 71680, 64, 64
rtr_1x8x13, send_packet_count, port3, Accumulator, 497296000, 94, 71680, 71680, 71680, 1, 1
rtr_1x8x13, output_port_stalls, port3, Accumulator, 497296000, 94, 0, 0, 0, 0, 0
rtr_1x8x13, idle_time, port3, Accumulator, 497296000, 94, 353936000, 12461648000000, 35737, 4000, 2584000
rtr_1x8x13, width_adj_count, port3, Accumulator, 497296000, 94, 0, 0, 0, 0, 0
rtr_1x8x13, send_bit_count, port4, Accumulator, 497296000, 94, 5898240, 377487360, 92160, 64, 64
rtr_1x8x13, send_packet_count, port4, Accumulator, 497296000, 94, 92160, 92160, 92160, 1, 1
rtr_1x8x13, output_port_stalls, port4, Accumulator, 497296000, 94, 58000, 124000000, 28, 2000, 4000
rtr_1x8x13, idle_time, port4, Accumulator, 497296000, 94, 311818000, 24194500000000, 31589, 4000, 4076000
rtr_1x8x13, width_adj_count, port4, Accumulator, 497296000, 94, 0, 0, 0, 0, 0
rtr_1x8x13, send_bit_count, port5, Accumulator, 497296000, 94, 4587520, 293601280, 71680, 64, 64
rtr_1x8x13, send_packet_count, port5, Accumulator, 497296000, 94, 71680, 71680, 71680, 1, 1
rtr_1x8x13, output_port_stalls, port5, Accumulator, 497296000, 94, 0, 0, 0, 0, 0
rtr_1x8x13, idle_time, port5, Accumulator, 497296000, 94, 353936000, 77459808000000, 29857, 4000, 7830000
rtr_1x8x13, width_adj_count, port5, Accumulator, 497296000, 94, 0, 0, 0, 0, 0
rtr_1x8x13, send_bit_count, port6, Accumulator, 497296000, 94, 2621440, 167772160, 40960, 64, 64
rtr_1x8x13, send_packet_count, port6, Accumulator, 497296000, 94, 40960, 40960, 40960, 1, 1
rtr_1x8x13, output_port_stalls, port6, Accumulator, 497296000, 94, 0, 0, 0, 0, 0
rtr_1x8x13, idle_time, port6, Accumulator, 497296000, 94, 415376000, 13537848000000, 27239, 4000, 1500000
rtr_1x8x13, width_adj_count, port6, Accumulator, 497296000, 94, 0, 0, 0, 0, 0
rtr_1x8x13, xbar_stalls, port0, Accumulator, 497296000, 94, 9391, 9391, 9391, 1, 1
rtr_1x8x13, xbar_stalls, port1, Accumulator, 497296000, 94, 138178, 138178, 138178, 1, 1
rtr_1x8x13, xbar_stalls, port2, Accumulator, 497296000, 94, 7544, 7544, 7544, 1, 1
rtr_1x8x13, xbar_stalls, port3, Accumulator, 497296000, 94, 10204, 10204, 10204, 1, 1
rtr_1x8x13, xbar_stalls, port4, Accumulator, 497296000, 94, 4116, 4116, 4116, 1, 1
rtr_1x8x13, xbar_stalls, port5, Accumulator, 497296000, 94, 7643, 7643, 7643, 1, 1
rtr_1x8x13, xbar_stalls, port6, Accumulator, 497296000, 94, 205372, 205372, 205372, 1, 1
testNic_3457:networkIF, packet_latency, , Accumulator, 497296000, 94, 392462760, 17222170906682, 40960, 147, 272406
testNic_3457:networkIF, send_bit_count, , Accumulator, 497296000, 94, 2621440, 167772160, 40960, 64, 64
testNic_3457:networkIF, output_port_stalls, , Accumulator, 497296000, 94, 383631000, 301957597000000, 13098, 1000, 3146000
testNic_3457:networkIF, idle_time, , Accumulator, 497296000, 94, 989000, 50325000000, 34, 2000, 92000
rtr_2x8x13, send_bit_count, port0, Accumulator, 497296000, 94, 5898240, 377487360, 92160, 64, 64
rtr_2x8x13, send_packet_count, port0, Accumulator, 497296000, 94, 92160, 92160, 92160, 1, 1
rtr_2x8x13, output_port_stalls, port0, Accumulator, 497296000, 94, 180822000, 4767476000000, 22034, 2000, 152000
rtr_2x8x13, idle_time, port0, Accumulator, 497296000, 94, 15166000, 20805940000000, 797, 4000, 4542000
rtr_2x8x13, width_adj_count, port0, Accumulator, 497296000, 94, 0, 0, 0, 0, 0
rtr_2x8x13, send_bit_count, port1, Accumulator, 497296000, 94, 4587520, 293601280, 71680, 64, 64
rtr_2x8x13, send_packet_count, port1, Accumulator, 497296000, 94, 71680, 71680, 71680, 1, 1
rtr_2x8x13, output_port_stalls, port1, Accumulator, 497296000, 94, 0, 0, 0, 0, 0
rtr_2x8x13, idle_time, port1, Accumulator, 497296000, 94, 353936000, 424352984000000, 13022, 4000, 19552000
rtr_2x8x13, width_adj_count, port1, Accumulator, 497296000, 94, 0, 0, 0, 0, 0
rtr_2x8x13, send_bit_count, port2, Accumulator, 497296000, 94, 5898240, 377487360, 92160, 64, 64
rtr_2x8x13, send_packet_count, port2, Accumulator, 497296000, 94, 92160, 92160, 92160, 1, 1
rtr_2x8x13, output_port_stalls, port2, Accumulator, 497296000, 94, 0, 0, 0, 0, 0
rtr_2x8x13, idle_time, port2, Accumulator, 497296000, 94, 312976000, 7543288000000, 37128, 4000, 1868000
rtr_2x8x13, width_adj_count, port2, Accumulator, 497296000, 94, 0, 0, 0, 0, 0
rtr_2x8x13, send_bit_count, port3, Accumulator, 497296000, 94, 4587520, 293601280, 71680, 64, 64
rtr_2x8x13, send_packet_count, port3, Accumulator, 497296000, 94, 71680, 71680, 71680, 1, 1
rtr_2x8x13, output_port_stalls, port3, Accumulator, 497296000, 94, 0, 0, 0, 0, 0
rtr_2x8x13, idle_time, port3, Accumulator, 497296000, 94, 353936000, 12194056000000, 35582, 4000, 2518000
rtr_2x8x13, width_adj_count, port3, Accumulator, 497296000, 94, 0, 0, 0, 0, 0
rtr_2x8x13, send_bit_count, port4, Accumulator, 497296000, 94, 5898240, 377487360, 92160, 64, 64
rtr_2x8x13, send_packet_count, port4, Accumulator, 497296000, 94, 92160, 92160, 92160, 1, 1
rtr_2x8x13, output_port_stalls, port4, Accumulator, 497296000, 94, 84000, 168000000, 42, 2000, 2000
rtr_2x8x13, idle_time, port4, Accumulator, 497296000, 94, 311576000, 23610080000000, 31381, 4000, 4012000
rtr_2x8x13, width_adj_count, port4, Accumulator, 497296000, 94, 0, 0, 0, 0, 0
rtr_2x8x13, send_bit_count, port5, Accumulator, 497296000, 94, 4587520, 293601280, 71680, 64, 64
rtr_2x8x13, send_packet_count, port5, Accumulator, 497296000, 94, 71680, 71680, 71680, 1, 1
rtr_2x8x13, output_port_stalls, port5, Accumulator, 497296000, 94, 0, 0, 0, 0, 0
rtr_2x8x13, idle_time, port5, Accumulator, 497296000, 94, 353936000, 99833304000000, 29304, 4000, 9126000
rtr_2x8x13, width_adj_count, port5, Accumulator, 497296000, 94, 0, 0, 0, 0, 0
rtr_2x8x13, send_bit_count, port6, Accumulator, 497296000, 94, 2621440, 167772160, 40960, 64, 64
rtr_2x8x13, send_packet_count, port6, Accumulator, 497296000, 94, 40960, 40960, 40960, 1, 1
rtr_2x8x13, output_port_stalls, port6, Accumulator, 497296000, 94, 0, 0, 0, 0, 0
rtr_2x8x13, idle_time, port6, Accumulator, 497296000, 94, 415376000, 13412096000000, 27264, 4000, 1434000
rtr_2x8x13, width_adj_count, port6, Accumulator, 497296000, 94, 0, 0, 0, 0, 0
rtr_2x8x13, xbar_stalls, port0, Accumulator, 497296000, 94, 8702, 8702, 8702, 1, 1
rtr_2x8x13, xbar_stalls, port1, Accumulator, 497296000, 94, 148158, 148158, 148158, 1, 1
rtr_2x8x13, xbar_stalls, port2, Accumulator, 497296000, 94, 7823, 7823, 7823, 1, 1
rtr_2x8x13, xbar_stalls, port3, Accumulator, 497296000, 94, 10182, 10182, 10182, 1, 1
rtr_2x8x13, xbar_stalls, port4, Accumulator, 497296000, 94, 4272, 4272, 4272, 1, 1
rtr_2x8x13, xbar_stalls, port5, Accumulator, 497296000, 94, 7715, 7715, 7715, 1, 1
rtr_2x8x13, xbar_stalls, port6, Accumulator, 497296000, 94, 197890, 197890, 197890, 1, 1
testNic_3458:networkIF, packet_latency, , Accumulator, 497296000, 94, 421146373, 27047362266767, 40960, 147, 295816
testNic_3458:networkIF, send_bit_count, , Accumulator, 497296000, 94, 2621440, 167772160, 40960, 64, 64
testNic_3458:networkIF, output_port_stalls, , Accumulator, 497296000, 94, 362997000, 177083865000000, 15847, 1000, 1784000
testNic_3458:networkIF, idle_time, , Accumulator, 497296000, 94, 1119000, 43257000000, 58, 2000, 112000
rtr_3x8x13, send_bit_count, port0, Accumulator, 497296000, 94, 5898240, 377487360, 92160, 64, 64
rtr_3x8x13, send_packet_count, port0, Accumulator, 497296000, 94, 92160, 92160, 92160, 1, 1
rtr_3x8x13, output_port_stalls, port0, Accumulator, 497296000, 94, 180710000, 4547708000000, 21289, 2000, 142000
rtr_3x8x13, idle_time, port0, Accumulator, 497296000, 94, 19218000, 20274780000000, 1640, 4000, 4478000
rtr_3x8x13, width_adj_count, port0, Accumulator, 497296000, 94, 0, 0, 0, 0, 0
rtr_3x8x13, send_bit_count, port1, Accumulator, 497296000, 94, 4587520, 293601280, 71680, 64, 64
rtr_3x8x13, send_packet_count, port1, Accumulator, 497296000, 94, 71680, 71680, 71680, 1, 1
rtr_3x8x13, output_port_stalls, port1, Accumulator, 497296000, 94, 0, 0, 0, 0, 0
rtr_3x8x13, idle_time, port1, Accumulator, 497296000, 94, 353936000, 2265536816000000, 13012, 4000, 47316000
rtr_3x8x13, width_adj_count, port1, Accumulator, 497296000, 94, 0, 0, 0, 0, 0
rtr_3x8x13, send_bit_count, port2, Accumulator, 497296000, 94, 5898240, 377487360, 92160, 64, 64
rtr_3x8x13, send_packet_count, port2, Accumulator, 497296000, 94, 92160, 92160, 92160, 1, 1
rtr_3x8x13, output_port_stalls, port2, Accumulator, 497296000, 94, 0, 0, 0, 0, 0
rtr_3x8x13, idle_time, port2, Accumulator, 497296000, 94, 312976000, 7186536000000, 37292, 4000, 1802000
rtr_3x8x13, width_adj_count, port2, Accumulator, 497296000, 94, 0, 0, 0, 0, 0
rtr_3x8x13, send_bit_count, port3, Accumulator, 497296000, 94, 4587520, 293601280, 71680, 64, 64
rtr_3x8x13, send_packet_count, port3, Accumulator, 497296000, 94, 71680, 71680, 71680, 1, 1
rtr_3x8x13, output_port_stalls, port3, Accumulator, 497296000, 94, 0, 0, 0, 0, 0
rtr_3x8x13, idle_time, port3, Accumulator, 497296000, 94, 353936000, 11837344000000, 35560, 4000, 2452000
rtr_3x8x13, width_adj_count, port3, Accumulator, 497296000, 94, 0, 0, 0, 0, 0
rtr_3x8x13, send_bit_count, port4, Accumulator, 497296000, 94, 5898240, 377487360, 92160, 64, 64
rtr_3x8x13, send_packet_count, port4, Accumulator, 497296000, 94, 92160, 92160, 92160, 1, 1
rtr_3x8x13, output_port_stalls, port4, Accumulator, 497296000, 94, 80000, 160000000, 40, 2000, 2000
rtr_3x8x13, idle_time, port4, Accumulator, 497296000, 94, 311512000, 22878976000000, 31247, 4000, 3944000
rtr_3x8x13, width_adj_count, port4, Accumulator, 497296000, 94, 0, 0, 0, 0, 0
rtr_3x8x13, send_bit_count, port5, Accumulator, 497296000, 94, 4587520, 293601280, 71680, 64, 64
rtr_3x8x13, send_packet_count, port5, Accumulator, 497296000, 94, 71680, 71680, 71680, 1, 1
rtr_3x8x13, output_port_stalls, port5, Accumulator, 497296000, 94, 0, 0, 0, 0, 0
rtr_3x8x13, idle_time, port5, Accumulator, 497296000, 94, 353936000, 91690528000000, 29211, 4000, 8536000
rtr_3x8x13, width_adj_count, port5, Accumulator, 497296000, 94, 0, 0, 0, 0, 0
rtr_3x8x13, send_bit_count, port6, Accumulator, 497296000, 94, 2621440, 167772160, 40960, 64, 64
rtr_3x8x13, send_packet_count, port6, Accumulator, 497296000, 94, 40960, 40960, 40960, 1, 1
rtr_3x8x13, output_port_stalls, port6, Accumulator, 497296000, 94, 0, 0, 0, 0, 0
rtr_3x8x13, idle_time, port6, Accumulator, 497296000, 94, 415376000, 13244632000000, 27333, 4000, 1370000
rtr_3x8x13, width_adj_count, port6, Accumulator, 497296000, 94, 0, 0, 0, 0, 0
rtr_3x8x13, xbar_stalls, port0, Accumulator, 497296000, 94, 8896, 8896, 8896, 1, 1
rtr_3x8x13, xbar_stalls, port1, Accumulator, 497296000, 94, 149763, 149763, 149763, 1, 1
rtr_3x8x13, xbar_stalls, port2, Accumulator, 497296000, 94, 7677, 7677, 7677, 1, 1
rtr_3x8x13, xbar_stalls, port3, Accumulator, 497296000, 94, 10138, 10138, 10138, 1, 1
rtr_3x8x13, xbar_stalls, port4, Accumulator, 497296000, 94, 4257, 4257, 4257, 1, 1
rtr_3x8x13, xbar_stalls, port5, Accumulator, 497296000, 94, 7677, 7677, 7677, 1, 1
rtr_3x8x13, xbar_stalls, port6, Accumulator, 497296000, 94, 184008, 184008, 184008, 1, 1
testNic_3459:networkIF, packet_latency, , Accumulator, 497296000, 94, 456817886, 37611237622910, 40960, 147, 307202
testNic_3459:networkIF, send_bit_count, , Accumulator, 497296000, 94, 2621440, 167772160, 40960, 64, 64
testNic_3459:networkIF, output_port_stalls, , Accumulator, 497296000, 94, 334519000, 105868733000000, 16071, 1000, 1208000
testNic_3459:networkIF, idle_time, , Accumulator, 497296000, 94, 1321000, 44373000000, 90, 2000, 96000
rtr_4x8x13, send_bit_count, port0, Accumulator, 497296000, 94, 5898240, 377487360, 92160, 64, 64
rtr_4x8x13, send_packet_count, port0, Accumulator, 497296000, 94, 92160, 92160, 92160, 1, 1
rtr_4x8x13, output_port_stalls, port0, Accumulator, 497296000, 94, 180490000, 4624412000000, 19716, 2000, 146000
rtr_4x8x13, idle_time, port0, Accumulator, 497296000, 94, 28136000, 19813224000000, 3221, 4000, 4416000
rtr_4x8x13, width_adj_count, port0, Accumulator, 497296000, 94, 0, 0, 0, 0, 0
rtr_4x8x13, send_bit_count, port1, Accumulator, 497296000, 94, 4587520, 293601280, 71680, 64, 64
rtr_4x8x13, send_packet_count, port1, Accumulator, 497296000, 94, 71680, 71680, 71680, 1, 1
rtr_4x8x13, output_port_stalls, port1, Accumulator, 497296000, 94, 0, 0, 0, 0, 0
rtr_4x8x13, idle_time, port1, Accumulator, 497296000, 94, 353936000, 5921343640000000, 12948, 4000, 76836000
rtr_4x8x13, width_adj_count, port1, Accumulator, 497296000, 94, 0, 0, 0, 0, 0
rtr_4x8x13, send_bit_count, port2, Accumulator, 497296000, 94, 5898240, 377487360, 92160, 64, 64
rtr_4x8x13, send_packet_count, port2, Accumulator, 497296000, 94, 92160, 92160, 92160, 1, 1
rtr_4x8x13, output_port_stalls, port2, Accumulator, 497296000, 94, 0, 0, 0, 0, 0
rtr_4x8x13, idle_time, port2, Accumulator, 497296000, 94, 312976000, 6948288000000, 37292, 4000, 1736000
rtr_4x8x13, width_adj_count, port2, Accumulator, 497296000, 94, 0, 0, 0, 0, 0
rtr_4x8x13, send_bit_count, port3, Accumulator, 497296000, 94, 4587520, 293601280, 71680, 64, 64
rtr_4x8x13, send_packet_count, port3, Accumulator, 497296000, 94, 71680, 71680, 71680, 1, 1
rtr_4x8x13, output_port_stalls, port3, Accumulator, 497296000, 94, 0, 0, 0, 0, 0
rtr_4x8x13, idle_time, port3, Accumulator, 497296000, 94, 353936000, 11453912000000, 35893, 4000, 2386000
rtr_4x8x13, width_adj_count, port3, Accumulator, 497296000, 94, 0, 0, 0, 0, 0
rtr_4x8x13, send_bit_count, port4, Accumulator, 497296000, 94, 5898240, 377487360, 92160, 64, 64
rtr_4x8x13, send_packet_count, port4, Accumulator, 497296000, 94, 92160, 92160, 92160, 1, 1
rtr_4x8x13, output_port_stalls, port4, Accumulator, 497296000, 94, 70000, 140000000, 35, 2000, 2000
rtr_4x8x13, idle_time, port4, Accumulator, 497296000, 94, 311484000, 21895504000000, 31437, 4000, 3878000
rtr_4x8x13, width_adj_count, port4, Accumulator, 497296000, 94, 0, 0, 0, 0, 0
rtr_4x8x13, send_bit_count, port5, Accumulator, 497296000, 94, 4587520, 293601280, 71680, 64, 64
rtr_4x8x13, send_packet_count, port5, Accumulator, 497296000, 94, 71680, 71680, 71680, 1, 1
rtr_4x8x13, output_port_stalls, port5, Accumulator, 497296000, 94, 0, 0, 0, 0, 0
rtr_4x8x13, idle_time, port5, Accumulator, 497296000, 94, 353936000, 84591224000000, 29433, 4000, 8196000
rtr_4x8x13, width_adj_count, port5, Accumulator, 497296000, 94, 0, 0, 0, 0, 0
rtr_4x8x13, send_bit_count, port6, Accumulator, 497296000, 94, 2621440, 167772160, 40960, 64, 64
rtr_4x8x13, send_packet_count, port6, Accumulator, 497296000, 94, 40960, 40960, 40960, 1, 1
rtr_4x8x13, output_port_stalls, port6, Accumulator, 497296000, 94, 0, 0, 0, 0, 0
rtr_4x8x13, idle_time, port6, Accumulator, 497296000, 94, 415376000, 13044856000000, 27227, 4000, 1304000
rtr_4x8x13, width_adj_count, port6, Accumulator, 497296000, 94, 0, 0, 0, 0, 0
rtr_4x8x13, xbar_stalls, port0, Accumulator, 497296000, 94, 8976, 8976, 8976, 1, 1
rtr_4x8x13, xbar_stalls, port1, Accumulator, 497296000, 94, 147953, 147953, 147953, 1, 1
rtr_4x8x13, xbar_stalls, port2, Accumulator, 497296000, 94, 7702, 7702, 7702, 1, 1
rtr_4x8x13, xbar_stalls, port3, Accumulator, 497296000, 94, 10005, 10005, 10005, 1, 1
rtr_4x8x13, xbar_stalls, port4, Accumulator, 497296000, 94, 4256, 4256, 4256, 1, 1
rtr_4x8x13, xbar_stalls, port5, Accumulator, 497296000, 94, 7843, 7843, 7843, 1, 1
rtr_4x8x13, xbar_stalls, port6, Accumulator, 497296000, 94, 169248, 169248, 169248, 1, 1
testNic_3460:networkIF, packet_latency, , Accumulator, 497296000, 94, 495647792, 47949859983766, 40960, 147, 314702
testNic_3460:networkIF, send_bit_count, , Accumulator, 497296000, 94, 2621440, 167772160, 40960, 64, 64
testNic_3460:networkIF, output_port_stalls, , Accumulator, 497296000, 94, 305523000, 64346717000000, 15807, 1000, 1086000
testNic_3460:networkIF, idle_time, , Accumulator, 497296000, 94, 1361000, 39117000000, 85, 2000, 84000
rtr_5x8x13, send_bit_count, port0, Accumulator, 497296000, 94, 5898240, 377487360, 92160, 64, 64
rtr_5x8x13, send_packet_count, port0, Accumulator, 497296000, 94, 92160, 92160, 92160, 1, 1
rtr_5x8x13, output_port_stalls, port0, Accumulator, 497296000, 94, 180564000, 4824056000000, 17578, 2000, 148000
rtr_5x8x13, idle_time, port0, Accumulator, 497296000, 94, 41852000, 19402392000000, 5274, 4000, 4352000
rtr_5x8x13, width_adj_count, port0, Accumulator, 497296000, 94, 0, 0, 0, 0, 0
rtr_5x8x13, send_bit_count, port1, Accumulator, 497296000, 94, 4587520, 293601280, 71680, 64, 64
rtr_5x8x13, send_packet_count, port1, Accumulator, 497296000, 94, 71680, 71680, 71680, 1, 1
rtr_5x8x13, output_port_stalls, port1, Accumulator, 497296000, 94, 34000, 68000000, 17, 2000, 2000
rtr_5x8x13, idle_time, port1, Accumulator, 497296000, 94, 353536000, 11218268192000000, 12773, 4000, 105862000
rtr_5x8x13, width_adj_count, port1, Accumulator, 497296000, 94, 0, 0, 0, 0, 0
rtr_5x8x13, send_bit_count, port2, Accumulator, 497296000, 94, 5898240, 377487360, 92160, 64, 64
rtr_5x8x13, send_packet_count, port2, Accumulator, 497296000, 94, 92160, 92160, 92160, 1, 1
rtr_5x8x13, output_port_stalls, port2, Accumulator, 497296000, 94, 0, 0, 0, 0, 0
rtr_5x8x13, idle_time, port2, Accumulator, 497296000, 94, 312976000, 6709128000000, 37318, 4000, 1670000
rtr_5x8x13, width_adj_count, port2, Accumulator, 497296000, 94, 0, 0, 0, 0, 0
rtr_5x8x13, send_bit_count, port3, Accumulator, 497296000, 94, 4587520, 293601280, 71680, 64, 64
rtr_5x8x13, send_packet_count, port3, Accumulator, 497296000, 94, 71680, 71680, 71680, 1, 1
rtr_5x8x13, output_port_stalls, port3, Accumulator, 497296000, 94, 0, 0, 0, 0, 0
rtr_5x8x13, idle_time, port3, Accumulator, 497296000, 94, 353936000, 11189304000000, 35752, 4000, 2320000
rtr_5x8x13, width_adj_count, port3, Accumulator, 497296000, 94, 0, 0, 0, 0, 0
rtr_5x8x13, send_bit_count, port4, Accumulator, 497296000, 94, 5898240, 377487360, 92160, 64, 64
rtr_5x8x13, send_packet_count, port4, Accumulator, 497296000, 94, 92160, 92160, 92160, 1, 1
rtr_5x8x13, output_port_stalls, port4, Accumulator, 497296000, 94, 54000, 116000000, 26, 2000, 4000
rtr_5x8x13, idle_time, port4, Accumulator, 497296000, 94, 311706000, 21522556000000, 31706, 4000, 3812000
rtr_5x8x13, width_adj_count, port4, Accumulator, 497296000, 94, 0, 0, 0, 0, 0
rtr_5x8x13, send_bit_count, port5, Accumulator, 497296000, 94, 4587520, 293601280, 71680, 64, 64
rtr_5x8x13, send_packet_count, port5, Accumulator, 497296000, 94, 71680, 71680, 71680, 1, 1
rtr_5x8x13, output_port_stalls, port5, Accumulator, 497296000, 94, 0, 0, 0, 0, 0
rtr_5x8x13, idle_time, port5, Accumulator, 497296000, 94, 353936000, 78642480000000, 29600, 4000, 7994000
rtr_5x8x13, width_adj_count, port5, Accumulator, 497296000, 94, 0, 0, 0, 0, 0
rtr_5x8x13, send_bit_count, port6, Accumulator, 497296000, 94, 2621440, 167772160, 40960, 64, 64
rtr_5x8x13, send_packet_count, port6, Accumulator, 497296000, 94, 40960, 40960, 40960, 1, 1
rtr_5x8x13, output_port_stalls, port6, Accumulator, 497296000, 94, 0, 0, 0, 0, 0
rtr_5x8x13, idle_time, port6, Accumulator, 497296000, 94, 415376000, 12831008000000, 27268, 4000, 1238000
rtr_5x8x13, width_adj_count, port6, Accumulator, 497296000, 94, 0, 0, 0, 0, 0
rtr_5x8x13, xbar_stalls, port0, Accumulator, 497296000, 94, 8997, 8997, 8997, 1, 1
rtr_5x8x13, xbar_stalls, port1, Accumulator, 497296000, 94, 143840, 143840, 143840, 1, 1
rtr_5x8x13, xbar_stalls, port2, Accumulator, 497296000, 94, 7664, 7664, 7664, 1, 1
rtr_5x8x13, xbar_stalls, port3, Accumulator, 497296000, 94, 9997, 9997, 9997, 1, 1
rtr_5x8x13, xbar_stalls, port4, Accumulator, 497296000, 94, 4124, 4124, 4124, 1, 1
rtr_5x8x13, xbar_stalls, port5, Accumulator, 497296000, 94, 7711, 7711, 7711, 1, 1
rtr_5x8x13, xbar_stalls, port6, Accumulator, 497296000, 94, 154736, 154736, 154736, 1, 1
testNic_3461:networkIF, packet_latency, , Accumulator, 497296000, 94, 537491585, 57568518820509, 40960, 147, 318920
testNic_3461:networkIF, send_bit_count, , Accumulator, 497296000, 94, 2621440, 167772160, 40960, 64, 64
testNic_3461:networkIF, output_port_stalls, , Accumulator, 497296000, 94, 276633000, 39182609000000, 15729, 1000, 554000
testNic_3461:networkIF, idle_time, , Accumulator, 497296000, 94, 1349000, 33661000000, 91, 2000, 62000
rtr_6x8x13, send_bit_count, port0, Accumulator, 497296000, 94, 5898240, 377487360, 92160, 64, 64
rtr_6x8x13, send_packet_count, port0, Accumulator, 497296000, 94, 92160, 92160, 92160, 1, 1
rtr_6x8x13, output_port_stalls, port0, Accumulator, 497296000, 94, 182322000, 5306932000000, 15746, 2000, 148000
rtr_6x8x13, idle_time, port0, Accumulator, 497296000, 94, 60284000, 19094840000000, 7544, 4000, 4288000
rtr_6x8x13, width_adj_count, port0, Accumulator, 497296000, 94, 0, 0, 0, 0, 0
rtr_6x8x13, send_bit_count, port1, Accumulator, 497296000, 94, 4587520, 293601280, 71680, 64, 64
rtr_6x8x13, send_packet_count, port1, Accumulator, 497296000, 94, 71680, 71680, 71680, 1, 1
rtr_6x8x13, output_port_stalls, port1, Accumulator, 497296000, 94, 50000, 100000000, 25, 2000, 2000
rtr_6x8x13, idle_time, port1, Accumulator, 497296000, 94, 353360000, 18058043480000000, 12873, 4000, 134352000
rtr_6x8x13, width_adj_count, port1, Accumulator, 497296000, 94, 0, 0, 0, 0, 0
rtr_6x8x13, send_bit_count, port2, Accumulator, 497296000, 94, 5898240, 377487360, 92160, 64, 64
rtr_6x8x13, send_packet_count, port2, Accumulator, 497296000, 94, 92160, 92160, 92160, 1, 1
rtr_6x8x13, output_port_stalls, port2, Accumulator, 497296000, 94, 0, 0, 0, 0, 0
rtr_6x8x13, idle_time, port2, Accumulator, 497296000, 94, 312976000, 6489744000000, 37366, 4000, 1604000
rtr_6x8x13, width_adj_count, port2, Accumulator, 497296000, 94, 0, 0, 0, 0, 0
rtr_6x8x13, send_bit_count, port3, Accumulator, 497296000, 94, 4587520, 293601280, 71680, 64, 64
rtr_6x8x13, send_packet_count, port3, Accumulator, 497296000, 94, 71680, 71680, 71680, 1, 1
rtr_6x8x13, output_port_stalls, port3, Accumulator, 497296000, 94, 0, 0, 0, 0, 0
rtr_6x8x13, idle_time, port3, Accumulator, 497296000, 94, 353936000, 10832464000000, 35891, 4000, 2254000
rtr_6x8x13, width_adj_count, port3, Accumulator, 497296000, 94, 0, 0, 0, 0, 0
rtr_6x8x13, send_bit_count, port4, Accumulator, 497296000, 94, 5898240, 377487360, 92160, 64, 64
rtr_6x8x13, send_packet_count, port4, Accumulator, 497296000, 94, 92160, 92160, 92160, 1, 1
rtr_6x8x13, output_port_stalls, port4, Accumulator, 497296000, 94, 56000, 120000000, 27, 2000, 4000
rtr_6x8x13, idle_time, port4, Accumulator, 497296000, 94, 311894000, 20842388000000, 31820, 4000, 3746000
rtr_6x8x13, width_adj_count, port4, Accumulator, 497296000, 94, 0, 0, 0, 0, 0
rtr_6x8x13, send_bit_count, port5, Accumulator, 497296000, 94, 4587520, 293601280, 71680, 64, 64
rtr_6x8x13, send_packet_count, port5, Accumulator, 497296000, 94, 71680, 71680, 71680, 1, 1
rtr_6x8x13, output_port_stalls, port5, Accumulator, 497296000, 94, 0, 0, 0, 0, 0
rtr_6x8x13, idle_time, port5, Accumulator, 497296000, 94, 353936000, 78511960000000, 29842, 4000, 7792000
rtr_6x8x13, width_adj_count, port5, Accumulator, 497296000, 94, 0, 0, 0, 0, 0
rtr_6x8x13, send_bit_count, port6, Accumulator, 497296000, 94, 2621440, 167772160, 40960, 64, 64
rtr_6x8x13, send_packet_count, port6, Accumulator, 497296000, 94, 40960, 40960, 40960, 1, 1
rtr_6x8x13, output_port_stalls, port6, Accumulator, 497296000, 94, 0, 0, 0, 0, 0
rtr_6x8x13, idle_time, port6, Accumulator, 497296000, 94, 415376000, 12640848000000, 27197, 4000, 1172000
rtr_6x8x13, width_adj_count, port6, Accumulator, 497296000, 94, 0, 0, 0, 0, 0
rtr_6x8x13, xbar_stalls, port0, Accumulator, 497296000, 94, 8891, 8891, 8891, 1, 1
rtr_6x8x13, xbar_stalls, port1, Accumulator, 497296000, 94, 137403, 137403, 137403, 1, 1
rtr_6x8x13, xbar_stalls, port2, Accumulator, 497296000, 94, 7516, 7516, 7516, 1, 1
rtr_6x8x13, xbar_stalls, port3, Accumulator, 497296000, 94, 9916, 9916, 9916, 1, 1
rtr_6x8x13, xbar_stalls, port4, Accumulator, 497296000, 94, 4198, 4198, 4198, 1, 1
rtr_6x8x13, xbar_stalls, port5, Accumulator, 497296000, 94, 7641, 7641, 7641, 1, 1
rtr_6x8x13, xbar_stalls, port6, Accumulator, 497296000, 94, 140490, 140490, 140490, 1, 1
testNic_3462:networkIF, packet_latency, , Accumulator, 497296000, 94, 581812680, 66139945098974, 40960, 147, 321704
testNic_3462:networkIF, send_bit_count, , Accumulator, 497296000, 94, 2621440, 167772160, 40960, 64, 64
testNic_3462:networkIF, output_port_stalls, , Accumulator, 497296000, 94, 248133000, 24028857000000, 15750, 1000, 370000
testNic_3462:networkIF, idle_time, , Accumulator, 497296000, 94, 1325000, 31549000000, 105, 2000, 80000
rtr_7x8x13, send_bit_count, port0, Accumulator, 497296000, 94, 5898240, 377487360, 92160, 64, 64
rtr_7x8x13, send_packet_count, port0, Accumulator, 497296000, 94, 92160, 92160, 92160, 1, 1
rtr_7x8x13, output_port_stalls, port0, Accumulator, 497296000, 94, 196248000, 8977168000000, 14104, 2000, 178000
rtr_7x8x13, idle_time, port0, Accumulator, 497296000, 94, 83540000, 18949896000000, 9699, 4000, 4224000
rtr_7x8x13, width_adj_count, port0, Accumulator, 497296000, 94, 0, 0, 0, 0, 0
rtr_7x8x13, send_bit_count, port1, Accumulator, 497296000, 94, 4587520, 293601280, 71680, 64, 64
rtr_7x8x13, send_packet_count, port1, Accumulator, 497296000, 94, 71680, 71680, 71680, 1, 1
rtr_7x8x13, output_port_stalls, port1, Accumulator, 497296000, 94, 76000, 152000000, 38, 2000, 2000
rtr_7x8x13, idle_time, port1, Accumulator, 497296000, 94, 352932000, 26503019128000000, 12712, 4000, 162782000
rtr_7x8x13, width_adj_count, port1, Accumulator, 497296000, 94, 0, 0, 0, 0, 0
rtr_7x8x13, send_bit_count, port2, Accumulator, 497296000, 94, 5898240, 377487360, 92160, 64, 64
rtr_7x8x13, send_packet_count, port2, Accumulator, 497296000, 94, 92160, 92160, 92160, 1, 1
rtr_7x8x13, output_port_stalls, port2, Accumulator, 497296000, 94, 0, 0, 0, 0, 0
rtr_7x8x13, idle_time, port2, Accumulator, 497296000, 94, 312976000, 6269480000000, 37459, 4000, 1538000
rtr_7x8x13, width_adj_count, port2, Accumulator, 497296000, 94, 0, 0, 0, 0, 0
rtr_7x8x13, send_bit_count, port3, Accumulator, 497296000, 94, 4587520, 293601280, 71680, 64, 64
rtr_7x8x13, send_packet_count, port3, Accumulator, 497296000, 94, 71680, 71680, 71680, 1, 1
rtr_7x8x13, output_port_stalls, port3, Accumulator, 497296000, 94, 0, 0, 0, 0, 0
rtr_7x8x13, idle_time, port3, Accumulator, 497296000, 94, 353936000, 10516112000000, 36075, 4000, 2188000
rtr_7x8x13, width_adj_count, port3, Accumulator, 497296000, 94, 0, 0, 0, 0, 0
rtr_7x8x13, send_bit_count, port4, Accumulator, 497296000, 94, 5898240, 377487360, 92160, 64, 64
rtr_7x8x13, send_packet_count, port4, Accumulator, 497296000, 94, 92160, 92160, 92160, 1, 1
rtr_7x8x13, output_port_stalls, port4, Accumulator, 497296000, 94, 44000, 88000000, 22, 2000, 2000
rtr_7x8x13, idle_time, port4, Accumulator, 497296000, 94, 312102000, 20334580000000, 31814, 4000, 3680000
rtr_7x8x13, width_adj_count, port4, Accumulator, 497296000, 94, 0, 0, 0, 0, 0
rtr_7x8x13, send_bit_count, port5, Accumulator, 497296000, 94, 4587520, 293601280, 71680, 64, 64
rtr_7x8x13, send_packet_count, port5, Accumulator, 497296000, 94, 71680, 71680, 71680, 1, 1
rtr_7x8x13, output_port_stalls, port5, Accumulator, 497296000, 94, 0, 0, 0, 0, 0
rtr_7x8x13, idle_time, port5, Accumulator, 497296000, 94, 353936000, 79245144000000, 29853, 4000, 7820000
rtr_7x8x13, width_adj_count, port5, Accumulator, 497296000, 94, 0, 0, 0, 0, 0
rtr_7x8x13, send_bit_count, port6, Accumulator, 497296000, 94, 2621440, 167772160, 40960, 64, 64
rtr_7x8x13, send_packet_count, port6, Accumulator, 497296000, 94, 40960, 40960, 40960, 1, 1
rtr_7x8x13, output_port_stalls, port6, Accumulator, 497296000, 94, 0, 0, 0, 0, 0
rtr_7x8x13, idle_time, port6, Accumulator, 497296000, 94, 415376000, 12397336000000, 27351, 4000, 1106000
rtr_7x8x13, width_adj_count, port6, Accumulator, 497296000, 94, 0, 0, 0, 0, 0
rtr_7x8x13, xbar_stalls, port0, Accumulator, 497296000, 94, 8657, 8657, 8657, 1, 1
rtr_7x8x13, xbar_stalls, port1, Accumulator, 497296000, 94, 128465, 128465, 128465, 1, 1
rtr_7x8x13, xbar_stalls, port2, Accumulator, 497296000, 94, 7515, 7515, 7515, 1, 1
rtr_7x8x13, xbar_stalls, port3, Accumulator, 497296000, 94, 9708, 9708, 9708, 1, 1
rtr_7x8x13, xbar_stalls, port4, Accumulator, 497296000, 94, 4208, 4208, 4208, 1, 1
rtr_7x8x13, xbar_stalls, port5, Accumulator, 497296000, 94, 7672, 7672, 7672, 1, 1
rtr_7x8x13, xbar_stalls, port6, Accumulator, 497296000, 94, 126275, 126275, 126275, 1, 1
testNic_3463:networkIF, packet_latency, , Accumulator, 497296000, 94, 628078075, 73560095201823, 40960, 147, 323508
testNic_3463:networkIF, send_bit_count, , Accumulator, 497296000, 94, 2621440, 167772160, 40960, 64, 64
testNic_3463:networkIF, output_port_stalls, , Accumulator, 497296000, 94, 219727000, 14469309000000, 15731, 1000, 238000
testNic_3463:networkIF, idle_time, , Accumulator, 497296000, 94, 1345000, 31605000000, 102, 2000, 62000
rtr_8x8x13, send_bit_count, port0, Accumulator, 497296000, 94, 5898240, 377487360, 92160, 64, 64
rtr_8x8x13, send_packet_count, port0, Accumulator, 497296000, 94, 92160, 92160, 92160, 1, 1
rtr_8x8x13, output_port_stalls, port0, Accumulator, 497296000, 94, 167700000, 5255968000000, 14312, 2000, 122000
rtr_8x8x13, idle_time, port0, Accumulator, 497296000, 94, 111554000, 19195004000000, 10922, 4000, 4160000
rtr_8x8x13, width_adj_count, port0, Accumulator, 497296000, 94, 0, 0, 0, 0, 0
rtr_8x8x13, send_bit_count, port1, Accumulator, 497296000, 94, 4587520, 293601280, 71680, 64, 64
rtr_8x8x13, send_packet_count, port1, Accumulator, 497296000, 94, 71680, 71680, 71680, 1, 1
rtr_8x8x13, output_port_stalls, port1, Accumulator, 497296000, 94, 96000, 192000000, 48, 2000, 2000
rtr_8x8x13, idle_time, port1, Accumulator, 497296000, 94, 353132000, 36466117336000000, 12481, 4000, 190952000
rtr_8x8x13, width_adj_count, port1, Accumulator, 497296000, 94, 0, 0, 0, 0, 0
rtr_8x8x13, send_bit_count, port2, Accumulator, 497296000, 94, 5898240, 377487360, 92160, 64, 64
rtr_8x8x13, send_packet_count, port2, Accumulator, 497296000, 94, 92160, 92160, 92160, 1, 1
rtr_8x8x13, output_port_stalls, port2, Accumulator, 497296000, 94, 0, 0, 0, 0, 0
rtr_8x8x13, idle_time, port2, Accumulator, 497296000, 94, 312976000, 6051800000000, 37631, 4000, 1472000
rtr_8x8x13, width_adj_count, port2, Accumulator, 497296000, 94, 0, 0, 0, 0, 0
rtr_8x8x13, send_bit_count, port3, Accumulator, 497296000, 94, 4587520, 293601280, 71680, 64, 64
rtr_8x8x13, send_packet_count, port3, Accumulator, 497296000, 94, 71680, 71680, 71680, 1, 1
rtr_8x8x13, output_port_stalls, port3, Accumulator, 497296000, 94, 0, 0, 0, 0, 0
rtr_8x8x13, idle_time, port3, Accumulator, 497296000, 94, 353936000, 10267616000000, 35992, 4000, 2122000
rtr_8x8x13, width_adj_count, port3, Accumulator, 497296000, 94, 0, 0, 0, 0, 0
rtr_8x8x13, send_bit_count, port4, Accumulator, 497296000, 94, 5898240, 377487360, 92160, 64, 64
rtr_8x8x13, send_packet_count, port4, Accumulator, 497296000, 94, 92160, 92160, 92160, 1, 1
rtr_8x8x13, output_port_stalls, port4, Accumulator, 497296000, 94, 40000, 80000000, 20, 2000, 2000
rtr_8x8x13, idle_time, port4, Accumulator, 497296000, 94, 312324000, 19829968000000, 31996, 4000, 3614000
rtr_8x8x13, width_adj_count, port4, Accumulator, 497296000, 94, 0, 0, 0, 0, 0
rtr_8x8x13, send_bit_count, port5, Accumulator, 497296000, 94, 4587520, 293601280, 71680, 64, 64
rtr_8x8x13, send_packet_count, port5, Accumulator, 497296000, 94, 71680, 71680, 71680, 1, 1
rtr_8x8x13, output_port_stalls, port5, Accumulator, 497296000, 94, 0, 0, 0, 0, 0
rtr_8x8x13, idle_time, port5, Accumulator, 497296000, 94, 353936000, 79057024000000, 29791, 4000, 7818000
rtr_8x8x13, width_adj_count, port5, Accumulator, 497296000, 94, 0, 0, 0, 0, 0
rtr_8x8x13, send_bit_count, port6, Accumulator, 497296000, 94, 2621440, 167772160, 40960, 64, 64
rtr_8x8x13, send_packet_count, port6, Accumulator, 497296000, 94, 40960, 40960, 40960, 1, 1
rtr_8x8x13, output_port_stalls, port6, Accumulator, 497296000, 94, 0, 0, 0, 0, 0
rtr_8x8x13, idle_time, port6, Accumulator, 497296000, 94, 415376000, 12317752000000, 27265, 4000, 1040000
rtr_8x8x13, width_adj_count, port6, Accumulator, 497296000, 94, 0, 0, 0, 0, 0
rtr_8x8x13, xbar_stalls, port0, Accumulator, 497296000, 94, 8851, 8851, 8851, 1, 1
rtr_8x8x13, xbar_stalls, port1, Accumulator, 497296000, 94, 117141, 117141, 117141, 1, 1
rtr_8x8x13, xbar_stalls, port2, Accumulator, 497296000, 94, 7096, 7096, 7096, 1, 1
rtr_8x8x13, xbar_stalls, port3, Accumulator, 497296000, 94, 9060, 9060, 9060, 1, 1
rtr_8x8x13, xbar_stalls, port4, Accumulator, 497296000, 94, 4148, 4148, 4148, 1, 1
rtr_8x8x13, xbar_stalls, port5, Accumulator, 497296000, 94, 7621, 7621, 7621, 1, 1
rtr_8x8x13, xbar_stalls, port6, Accumulator, 497296000, 94, 112191, 112191, 112191, 1, 1
testNic_3464:networkIF, packet_latency, , Accumulator, 497296000, 94, 676700884, 79790191952680, 40960, 147, 323868
testNic_3464:networkIF, send_bit_count, , Accumulator, 497296000, 94, 2621440, 167772160, 40960, 64, 64
testNic_3464:networkIF, output_port_stalls, , Accumulator, 497296000, 94, 191357000, 8636457000000, 15850, 1000, 158000
testNic_3464:networkIF, idle_time, , Accumulator, 497296000, 94, 1313000, 31845000000, 89, 2000, 50000
rtr_9x8x13, send_bit_count, port0, Accumulator, 497296000, 94, 5898240, 377487360, 92160, 64, 64
rtr_9x8x13, send_packet_count, port0, Accumulator, 497296000, 94, 92160, 92160, 92160, 1, 1
rtr_9x8x13, output_port_stalls, port0, Accumulator, 497296000, 94, 139240000, 2965024000000, 14465, 2000, 78000
rtr_9x8x13, idle_time, port0, Accumulator, 497296000, 94, 139852000, 368399824000000, 11005, 4000, 19126000
rtr_9x8x13, width_adj_count, port0, Accumulator, 497296000, 94, 0, 0, 0, 0, 0
rtr_9x8x13, send_bit_count, port1, Accumulator, 497296000, 94, 4587520, 293601280, 71680, 64, 64
rtr_9x8x13, send_packet_count, port1, Accumulator, 497296000, 94, 71680, 71680, 71680, 1, 1
rtr_9x8x13, output_port_stalls, port1, Accumulator, 497296000, 94, 16000, 32000000, 8, 2000, 2000
rtr_9x8x13, idle_time, port1, Accumulator, 497296000, 94, 353816000, 47967893184000000, 11746, 4000, 219010000
rtr_9x8x13, width_adj_count, port1, Accumulator, 497296000, 94, 0, 0, 0, 0, 0
rtr_9x8x13, send_bit_count, port2, Accumulator, 497296000, 94, 5898240, 377487360, 92160, 64, 64
rtr_9x8x13, send_packet_count, port2, Accumulator, 497296000, 94, 92160, 92160, 92160, 1, 1
rtr_9x8x13, output_port_stalls, port2, Accumulator, 497296000, 94, 0, 0, 0, 0, 0
rtr_9x8x13, idle_time, port2, Accumulator, 497296000, 94, 312976000, 5909880000000, 37396, 4000, 1406000
rtr_9x8x13, width_adj_count, port2, Accumulator, 497296000, 94, 0, 0, 0, 0, 0
rtr_9x8x13, send_bit_count, port3, Accumulator, 497296000, 94, 4587520, 293601280, 71680, 64, 64
rtr_9x8x13, send_packet_count, port3, Accumulator, 497296000, 94, 71680, 71680, 71680, 1, 1
rtr_9x8x13, output_port_stalls, port3, Accumulator, 497296000, 94, 0, 0, 0, 0, 0
rtr_9x8x13, idle_time, port3, Accumulator, 497296000, 94, 353936000, 10063216000000, 35729, 4000, 2056000
rtr_9x8x13, width_adj_count, port3, Accumulator, 497296000, 94, 0, 0, 0, 0, 0
rtr_9x8x13, send_bit_count, port4, Accumulator, 497296000, 94, 5898240, 377487360, 92160, 64, 64
rtr_9x8x13, send_packet_count, port4, Accumulator, 497296000, 94, 92160, 92160, 92160, 1, 1
rtr_9x8x13, output_port_stalls, port4, Accumulator, 497296000, 94, 28000, 56000000, 14, 2000, 2000
rtr_9x8x13, idle_time, port4, Accumulator, 497296000, 94, 312262000, 19443188000000, 31969, 4000, 3548000
rtr_9x8x13, width_adj_count, port4, Accumulator, 497296000, 94, 0, 0, 0, 0, 0
rtr_9x8x13, send_bit_count, port5, Accumulator, 497296000, 94, 4587520, 293601280, 71680, 64, 64
rtr_9x8x13, send_packet_count, port5, Accumulator, 497296000, 94, 71680, 71680, 71680, 1, 1
rtr_9x8x13, output_port_stalls, port5, Accumulator, 497296000, 94, 0, 0, 0, 0, 0
rtr_9x8x13, idle_time, port5, Accumulator, 497296000, 94, 353936000, 75999896000000, 29757, 4000, 7704000
rtr_9x8x13, width_adj_count, port5, Accumulator, 497296000, 94, 0, 0, 0, 0, 0
rtr_9x8x13, send_bit_count, port6, Accumulator, 497296000, 94, 2621440, 167772160, 40960, 64, 64
rtr_9x8x13, send_packet_count, port6, Accumulator, 497296000, 94, 40960, 40960, 40960, 1, 1
rtr_9x8x13, output_port_stalls, port6, Accumulator, 497296000, 94, 0, 0, 0, 0, 0
rtr_9x8x13, idle_time, port6, Accumulator, 497296000, 94, 415376000, 12152992000000, 27392, 4000, 974000
rtr_9x8x13, width_adj_count, port6, Accumulator, 497296000, 94, 0, 0, 0, 0, 0
rtr_9x8x13, xbar_stalls, port0, Accumulator, 497296000, 94, 8901, 8901, 8901, 1, 1
rtr_9x8x13, xbar_stalls, port1, Accumulator, 497296000, 94, 103195, 103195, 103195, 1, 1
rtr_9x8x13, xbar_stalls, port2, Accumulator, 497296000, 94, 7321, 7321, 7321, 1, 1
rtr_9x8x13, xbar_stalls, port3, Accumulator, 497296000, 94, 9475, 9475, 9475, 1, 1
rtr_9x8x13, xbar_stalls, port4, Accumulator, 497296000, 94, 4085, 4085, 4085, 1, 1
rtr_9x8x13, xbar_stalls, port5, Accumulator, 497296000, 94, 7803, 7803, 7803, 1, 1
rtr_9x8x13, xbar_stalls, port6, Accumulator, 497296000, 94, 98162, 98162, 98162, 1, 1
testNic_3465:networkIF, packet_latency, , Accumulator, 497296000, 94, 578407528, 54247824234508, 40960, 147, 304704
testNic_3465:networkIF, send_bit_count, , Accumulator, 497296000, 94, 2621440, 167772160, 40960, 64, 64
testNic_3465:networkIF, output_port_stalls, , Accumulator, 497296000, 94, 162895000, 5075805000000, 16044, 1000, 108000
testNic_3465:networkIF, idle_time, , Accumulator, 497296000, 94, 1319000, 25521000000, 115, 2000, 44000
rtr_10x8x13, send_bit_count, port0, Accumulator, 497296000, 94, 5898240, 377487360, 92160, 64, 64
rtr_10x8x13, send_packet_count, port0, Accumulator, 497296000, 94, 92160, 92160, 92160, 1, 1
rtr_10x8x13, output_port_stalls, port0, Accumulator, 497296000, 94, 110972000, 1597920000000, 14557, 2000, 64000
rtr_10x8x13, idle_time, port0, Accumulator, 497296000, 94, 168086000, 2103557828000000, 10834, 4000, 45834000
rtr_10x8x13, width_adj_count, port0, Accumulator, 497296000, 94, 0, 0, 0, 0, 0
rtr_10x8x13, send_bit_count, port1, Accumulator, 497296000, 94, 4587520, 293601280, 71680, 64, 64
rtr_10x8x13, send_packet_count, port1, Accumulator, 497296000, 94, 71680, 71680, 71680, 1, 1
rtr_10x8x13, output_port_stalls, port1, Accumulator, 497296000, 94, 36000, 72000000, 18, 2000, 2000
rtr_10x8x13, idle_time, port1, Accumulator, 497296000, 94, 353442000, 1523176996000000, 11897, 4000, 38416000
rtr_10x8x13, width_adj_count, port1, Accumulator, 497296000, 94, 0, 0, 0, 0, 0
rtr_10x8x13, send_bit_count, port2, Accumulator, 497296000, 94, 5898240, 377487360, 92160, 64, 64
rtr_10x8x13, send_packet_count, port2, Accumulator, 497296000, 94, 92160, 92160, 92160, 1, 1
rtr_10x8x13, output_port_stalls, port2, Accumulator, 497296000, 94, 0, 0, 0, 0, 0
rtr_10x8x13, idle_time, port2, Accumulator, 497296000, 94, 312976000, 6087024000000, 37398, 4000, 1466000
rtr_10x8x13, width_adj_count, port2, Accumulator, 497296000, 94, 0, 0, 0, 0, 0
rtr_10x8x13, send_bit_count, port3, Accumulator, 497296000, 94, 4587520, 293601280, 71680, 64, 64
rtr_10x8x13, send_packet_count, port3, Accumulator, 497296000, 94, 71680, 71680, 71680, 1, 1
rtr_10x8x13, output_port_stalls, port3, Accumulator, 497296000, 94, 0, 0, 0, 0, 0
rtr_10x8x13, idle_time, port3, Accumulator, 497296000, 94, 353936000, 10281120000000, 35798, 4000, 2120000
rtr_10x8x13, width_adj_count, port3, Accumulator, 497296000, 94, 0, 0, 0, 0, 0
rtr_10x8x13, send_bit_count, port4, Accumulator, 497296000, 94, 5898240, 377487360, 92160, 64, 64
rtr_10x8x13, send_packet_count, port4, Accumulator, 497296000, 94, 92160, 92160, 92160, 1, 1
rtr_10x8x13, output_port_stalls, port4, Accumulator, 497296000, 94, 34000, 68000000, 17, 2000, 2000
rtr_10x8x13, idle_time, port4, Accumulator, 497296000, 94, 312156000, 19866720000000, 32025, 4000, 3612000
rtr_10x8x13, width_adj_count, port4, Accumulator, 497296000, 94, 0, 0, 0, 0, 0
rtr_10x8x13, send_bit_count, port5, Accumulator, 497296000, 94, 4587520, 293601280, 71680, 64, 64
rtr_10x8x13, send_packet_count, port5, Accumulator, 497296000, 94, 71680, 71680, 71680, 1, 1
rtr_10x8x13, output_port_stalls, port5, Accumulator, 497296000, 94, 0, 0, 0, 0, 0
rtr_10x8x13, idle_time, port5, Accumulator, 497296000, 94, 353936000, 77526280000000, 30023, 4000, 7778000
rtr_10x8x13, width_adj_count, port5, Accumulator, 497296000, 94, 0, 0, 0, 0, 0
rtr_10x8x13, send_bit_count, port6, Accumulator, 497296000, 94, 2621440, 167772160, 40960, 64, 64
rtr_10x8x13, send_packet_count, port6, Accumulator, 497296000, 94, 40960, 40960, 40960, 1, 1
rtr_10x8x13, output_port_stalls, port6, Accumulator, 497296000, 94, 0, 0, 0, 0, 0
rtr_10x8x13, idle_time, port6, Accumulator, 497296000, 94, 415376000, 12290824000000, 27276, 4000, 1034000
rtr_10x8x13, width_adj_count, port6, Accumulator, 497296000, 94, 0, 0, 0, 0, 0
rtr_10x8x13, xbar_stalls, port0, Accumulator, 497296000, 94, 9243, 9243, 9243, 1, 1
rtr_10x8x13, xbar_stalls, port1, Accumulator, 497296000, 94, 88957, 88957, 88957, 1, 1
rtr_10x8x13, xbar_stalls, port2, Accumulator, 497296000, 94, 7348, 7348, 7348, 1, 1
rtr_10x8x13, xbar_stalls, port3, Accumulator, 497296000, 94, 9755, 9755, 9755, 1, 1
rtr_10x8x13, xbar_stalls, port4, Accumulator, 497296000, 94, 4059, 4059, 4059, 1, 1
rtr_10x8x13, xbar_stalls, port5, Accumulator, 497296000, 94, 7769, 7769, 7769, 1, 1
rtr_10x8x13, xbar_stalls, port6, Accumulator, 497296000, 94, 84228, 84228, 84228, 1, 1
testNic_3466:networkIF, packet_latency, , Accumulator, 497296000, 94, 542675887, 42201887563915, 40960, 147, 275836
testNic_3466:networkIF, send_bit_count, , Accumulator, 497296000, 94, 2621440, 167772160, 40960, 64, 64
testNic_3466:networkIF, output_port_stalls, , Accumulator, 497296000, 94, 134871000, 2829901000000, 16123, 1000, 86000
testNic_3466:networkIF, idle_time, , Accumulator, 497296000, 94, 1309000, 29973000000, 109, 2000, 54000
rtr_11x8x13, send_bit_count, port0, Accumulator, 497296000, 94, 5898240, 377487360, 92160, 64, 64
rtr_11x8x13, send_packet_count, port0, Accumulator, 497296000, 94, 92160, 92160, 92160, 1, 1
rtr_11x8x13, output_port_stalls, port0, Accumulator, 497296000, 94, 83058000, 788916000000, 14240, 2000, 38000
rtr_11x8x13, idle_time, port0, Accumulator, 497296000, 94, 196052000, 5681267800000000, 10778, 4000, 75356000
rtr_11x8x13, width_adj_count, port0, Accumulator, 497296000, 94, 0, 0, 0, 0, 0
rtr_11x8x13, send_bit_count, port1, Accumulator, 497296000, 94, 4587520, 293601280, 71680, 64, 64
rtr_11x8x13, send_packet_count, port1, Accumulator, 497296000, 94, 71680, 71680, 71680, 1, 1
rtr_11x8x13, output_port_stalls, port1, Accumulator, 497296000, 94, 68000, 136000000, 34, 2000, 2000
rtr_11x8x13, idle_time, port1, Accumulator, 497296000, 94, 353148000, 73969328000000, 12237, 4000, 4216000
rtr_11x8x13, width_adj_count, port1, Accumulator, 497296000, 94, 0, 0, 0, 0, 0
rtr_11x8x13, send_bit_count, port2, Accumulator, 497296000, 94, 5898240, 377487360, 92160, 64, 64
rtr_11x8x13, send_packet_count, port2, Accumulator, 497296000, 94, 92160, 92160, 92160, 1, 1
rtr_11x8x13, output_port_stalls, port2, Accumulator, 497296000, 94, 0, 0, 0, 0, 0
rtr_11x8x13, idle_time, port2, Accumulator, 497296000, 94, 312976000, 6329648000000, 37092, 4000, 1528000
rtr_11x8x13, width_adj_count, port2, Accumulator, 497296000, 94, 0, 0, 0, 0, 0
rtr_11x8x13, send_bit_count, port3, Accumulator, 497296000, 94, 4587520, 293601280, 71680, 64, 64
rtr_11x8x13, send_packet_count, port3, Accumulator, 497296000, 94, 71680, 71680, 71680, 1, 1
rtr_11x8x13, output_port_stalls, port3, Accumulator, 497296000, 94, 0, 0, 0, 0, 0
rtr_11x8x13, idle_time, port3, Accumulator, 497296000, 94, 353936000, 10596304000000, 35478, 4000, 2182000
rtr_11x8x13, width_adj_count, port3, Accumulator, 497296000, 94, 0, 0, 0, 0, 0
rtr_11x8x13, send_bit_count, port4, Accumulator, 497296000, 94, 5898240, 377487360, 92160, 64, 64
rtr_11x8x13, send_packet_count, port4, Accumulator, 497296000, 94, 92160, 92160, 92160, 1, 1
rtr_11x8x13, output_port_stalls, port4, Accumulator, 497296000, 94, 40000, 80000000, 20, 2000, 2000
rtr_11x8x13, idle_time, port4, Accumulator, 497296000, 94, 312040000, 20429880000000, 32029, 4000, 3674000
rtr_11x8x13, width_adj_count, port4, Accumulator, 497296000, 94, 0, 0, 0, 0, 0
rtr_11x8x13, send_bit_count, port5, Accumulator, 497296000, 94, 4587520, 293601280, 71680, 64, 64
rtr_11x8x13, send_packet_count, port5, Accumulator, 497296000, 94, 71680, 71680, 71680, 1, 1
rtr_11x8x13, output_port_stalls, port5, Accumulator, 497296000, 94, 0, 0, 0, 0, 0
rtr_11x8x13, idle_time, port5, Accumulator, 497296000, 94, 353936000, 76843624000000, 30190, 4000, 7834000
rtr_11x8x13, width_adj_count, port5, Accumulator, 497296000, 94, 0, 0, 0, 0, 0
rtr_11x8x13, send_bit_count, port6, Accumulator, 497296000, 94, 2621440, 167772160, 40960, 64, 64
rtr_11x8x13, send_packet_count, port6, Accumulator, 497296000, 94, 40960, 40960, 40960, 1, 1
rtr_11x8x13, output_port_stalls, port6, Accumulator, 497296000, 94, 0, 0, 0, 0, 0
rtr_11x8x13, idle_time, port6, Accumulator, 497296000, 94, 415376000, 12514400000000, 27174, 4000, 1096000
rtr_11x8x13, width_adj_count, port6, Accumulator, 497296000, 94, 0, 0, 0, 0, 0
rtr_11x8x13, xbar_stalls, port0, Accumulator, 497296000, 94, 9109, 9109, 9109, 1, 1
rtr_11x8x13, xbar_stalls, port1, Accumulator, 497296000, 94, 74929, 74929, 74929, 1, 1
rtr_11x8x13, xbar_stalls, port2, Accumulator, 497296000, 94, 7487, 7487, 7487, 1, 1
rtr_11x8x13, xbar_stalls, port3, Accumulator, 497296000, 94, 9837, 9837, 9837, 1, 1
rtr_11x8x13, xbar_stalls, port4, Accumulator, 497296000, 94, 4174, 4174, 4174, 1, 1
rtr_11x8x13, xbar_stalls, port5, Accumulator, 497296000, 94, 7589, 7589, 7589, 1, 1
rtr_11x8x13, xbar_stalls, port6, Accumulator, 497296000, 94, 70610, 70610, 70610, 1, 1
testNic_3467:networkIF, packet_latency, , Accumulator, 497296000, 94, 516440014, 34009304034558, 40960, 147, 248592
testNic_3467:networkIF, send_bit_count, , Accumulator, 497296000, 94, 2621440, 167772160, 40960, 64, 64
testNic_3467:networkIF, output_port_stalls, , Accumulator, 497296000, 94, 107445000, 1508721000000, 16218, 1000, 58000
testNic_3467:networkIF, idle_time, , Accumulator, 497296000, 94, 1333000, 28109000000, 98, 2000, 42000
rtr_12x8x13, send_bit_count, port0, Accumulator, 497296000, 94, 5898240, 377487360, 92160, 64, 64
rtr_12x8x13, send_packet_count, port0, Accumulator, 497296000, 94, 92160, 92160, 92160, 1, 1
rtr_12x8x13, output_port_stalls, port0, Accumulator, 497296000, 94, 56862000, 351260000000, 13195, 2000, 26000
rtr_12x8x13, idle_time, port0, Accumulator, 497296000, 94, 223770000, 10897054108000000, 10639, 4000, 104376000
rtr_12x8x13, width_adj_count, port0, Accumulator, 497296000, 94, 0, 0, 0, 0, 0
rtr_12x8x13, send_bit_count, port1, Accumulator, 497296000, 94, 4587520, 293601280, 71680, 64, 64
rtr_12x8x13, send_packet_count, port1, Accumulator, 497296000, 94, 71680, 71680, 71680, 1, 1
rtr_12x8x13, output_port_stalls, port1, Accumulator, 497296000, 94, 52000, 112000000, 25, 2000, 4000
rtr_12x8x13, idle_time, port1, Accumulator, 497296000, 94, 353360000, 75798880000000, 12660, 4000, 4278000
rtr_12x8x13, width_adj_count, port1, Accumulator, 497296000, 94, 0, 0, 0, 0, 0
rtr_12x8x13, send_bit_count, port2, Accumulator, 497296000, 94, 5898240, 377487360, 92160, 64, 64
rtr_12x8x13, send_packet_count, port2, Accumulator, 497296000, 94, 92160, 92160, 92160, 1, 1
rtr_12x8x13, output_port_stalls, port2, Accumulator, 497296000, 94, 0, 0, 0, 0, 0
rtr_12x8x13, idle_time, port2, Accumulator, 497296000, 94, 312976000, 6523776000000, 37123, 4000, 1590000
rtr_12x8x13, width_adj_count, port2, Accumulator, 497296000, 94, 0, 0, 0, 0, 0
rtr_12x8x13, send_bit_count, port3, Accumulator, 497296000, 94, 4587520, 293601280, 71680, 64, 64
rtr_12x8x13, send_packet_count, port3, Accumulator, 497296000, 94, 71680, 71680, 71680, 1, 1
rtr_12x8x13, output_port_stalls, port3, Accumulator, 497296000, 94, 0, 0, 0, 0, 0
rtr_12x8x13, idle_time, port3, Accumulator, 497296000, 94, 353936000, 10908824000000, 35458, 4000, 2244000
rtr_12x8x13, width_adj_count, port3, Accumulator, 497296000, 94, 0, 0, 0, 0, 0
rtr_12x8x13, send_bit_count, port4, Accumulator, 497296000, 94, 5898240, 377487360, 92160, 64, 64
rtr_12x8x13, send_packet_count, port4, Accumulator, 497296000, 94, 92160, 92160, 92160, 1, 1
rtr_12x8x13, output_port_stalls, port4, Accumulator, 497296000, 94, 34000, 68000000, 17, 2000, 2000
rtr_12x8x13, idle_time, port4, Accumulator, 497296000, 94, 311968000, 21516144000000, 31765, 4000, 3736000
rtr_12x8x13, width_adj_count, port4, Accumulator, 497296000, 94, 0, 0, 0, 0, 0
rtr_12x8x13, send_bit_count, port5, Accumulator, 497296000, 94, 4587520, 293601280, 71680, 64, 64
rtr_12x8x13, send_packet_count, port5, Accumulator, 497296000, 94, 71680, 71680, 71680, 1, 1
rtr_12x8x13, output_port_stalls, port5, Accumulator, 497296000, 94, 0, 0, 0, 0, 0
rtr_12x8x13, idle_time, port5, Accumulator, 497296000, 94, 353936000, 82695008000000, 30170, 4000, 8166000
rtr_12x8x13, width_adj_count, port5, Accumulator, 497296000, 94, 0, 0, 0, 0, 0
rtr_12x8x13, send_bit_count, port6, Accumulator, 497296000, 94, 2621440, 167772160, 40960, 64, 64
rtr_12x8x13, send_packet_count, port6, Accumulator, 497296000, 94, 40960, 40960, 40960, 1, 1
rtr_12x8x13, output_port_stalls, port6, Accumulator, 497296000, 94, 0, 0, 0, 0, 0
rtr_12x8x13, idle_time, port6, Accumulator, 497296000, 94, 415376000, 12679352000000, 27210, 4000, 1158000
rtr_12x8x13, width_adj_count, port6, Accumulator, 497296000, 94, 0, 0, 0, 0, 0
rtr_12x8x13, xbar_stalls, port0, Accumulator, 497296000, 94, 8847, 8847, 8847, 1, 1
rtr_12x8x13, xbar_stalls, port1, Accumulator, 497296000, 94, 60897, 60897, 60897, 1, 1
rtr_12x8x13, xbar_stalls, port2, Accumulator, 497296000, 94, 7822, 7822, 7822, 1, 1
rtr_12x8x13, xbar_stalls, port3, Accumulator, 497296000, 94, 10114, 10114, 10114, 1, 1
rtr_12x8x13, xbar_stalls, port4, Accumulator, 497296000, 94, 4106, 4106, 4106, 1, 1
rtr_12x8x13, xbar_stalls, port5, Accumulator, 497296000, 94, 7612, 7612, 7612, 1, 1
rtr_12x8x13, xbar_stalls, port6, Accumulator, 497296000, 94, 57732, 57732, 57732, 1, 1
testNic_3468:networkIF, packet_latency, , Accumulator, 497296000, 94, 490362575, 27237102869795, 40960, 147, 218760
testNic_3468:networkIF, send_bit_count, , Accumulator, 497296000, 94, 2621440, 167772160, 40960, 64, 64
testNic_3468:networkIF, output_port_stalls, , Accumulator, 497296000, 94, 82189000, 761297000000, 15954, 1000, 42000
testNic_3468:networkIF, idle_time, , Accumulator, 497296000, 94, 1327000, 33545000000, 99, 2000, 62000
rtr_13x8x13, send_bit_count, port0, Accumulator, 497296000, 94, 5898240, 377487360, 92160, 64, 64
rtr_13x8x13, send_packet_count, port0, Accumulator, 497296000, 94, 92160, 92160, 92160, 1, 1
rtr_13x8x13, output_port_stalls, port0, Accumulator, 497296000, 94, 33742000, 126596000000, 11127, 2000, 16000
rtr_13x8x13, idle_time, port0, Accumulator, 497296000, 94, 250954000, 17666159444000000, 10466, 4000, 132904000
rtr_13x8x13, width_adj_count, port0, Accumulator, 497296000, 94, 0, 0, 0, 0, 0
rtr_13x8x13, send_bit_count, port1, Accumulator, 497296000, 94, 4587520, 293601280, 71680, 64, 64
rtr_13x8x13, send_packet_count, port1, Accumulator, 497296000, 94, 71680, 71680, 71680, 1, 1
rtr_13x8x13, output_port_stalls, port1, Accumulator, 497296000, 94, 0, 0, 0, 0, 0
rtr_13x8x13, idle_time, port1, Accumulator, 497296000, 94, 353936000, 72693888000000, 13443, 4000, 4340000
rtr_13x8x13, width_adj_count, port1, Accumulator, 497296000, 94, 0, 0, 0, 0, 0
rtr_13x8x13, send_bit_count, port2, Accumulator, 497296000, 94, 5898240, 377487360, 92160, 64, 64
rtr_13x8x13, send_packet_count, port2, Accumulator, 497296000, 94, 92160, 92160, 92160, 1, 1
rtr_13x8x13, output_port_stalls, port2, Accumulator, 497296000, 94, 0, 0, 0, 0, 0
rtr_13x8x13, idle_time, port2, Accumulator, 497296000, 94, 312976000, 6724008000000, 37074, 4000, 1652000
rtr_13x8x13, width_adj_count, port2, Accumulator, 497296000, 94, 0, 0, 0, 0, 0
rtr_13x8x13, send_bit_count, port3, Accumulator, 497296000, 94, 4587520, 293601280, 71680, 64, 64
rtr_13x8x13, send_packet_count, port3, Accumulator, 497296000, 94, 71680, 71680, 71680, 1, 1
rtr_13x8x13, output_port_stalls, port3, Accumulator, 497296000, 94, 0, 0, 0, 0, 0
rtr_13x8x13, idle_time, port3, Accumulator, 497296000, 94, 353936000, 11154360000000, 35429, 4000, 2306000
rtr_13x8x13, width_adj_count, port3, Accumulator, 497296000, 94, 0, 0, 0, 0, 0
rtr_13x8x13, send_bit_count, port4, Accumulator, 497296000, 94, 5898240, 377487360, 92160, 64, 64
rtr_13x8x13, send_packet_count, port4, Accumulator, 497296000, 94, 92160, 92160, 92160, 1, 1
rtr_13x8x13, output_port_stalls, port4, Accumulator, 497296000, 94, 50000, 100000000, 25, 2000, 2000
rtr_13x8x13, idle_time, port4, Accumulator, 497296000, 94, 312010000, 21932884000000, 31618, 4000, 3798000
rtr_13x8x13, width_adj_count, port4, Accumulator, 497296000, 94, 0, 0, 0, 0, 0
rtr_13x8x13, send_bit_count, port5, Accumulator, 497296000, 94, 4587520, 293601280, 71680, 64, 64
rtr_13x8x13, send_packet_count, port5, Accumulator, 497296000, 94, 71680, 71680, 71680, 1, 1
rtr_13x8x13, output_port_stalls, port5, Accumulator, 497296000, 94, 0, 0, 0, 0, 0
rtr_13x8x13, idle_time, port5, Accumulator, 497296000, 94, 353936000, 83723120000000, 29987, 4000, 8332000
rtr_13x8x13, width_adj_count, port5, Accumulator, 497296000, 94, 0, 0, 0, 0, 0
rtr_13x8x13, send_bit_count, port6, Accumulator, 497296000, 94, 2621440, 167772160, 40960, 64, 64
rtr_13x8x13, send_packet_count, port6, Accumulator, 497296000, 94, 40960, 40960, 40960, 1, 1
rtr_13x8x13, output_port_stalls, port6, Accumulator, 497296000, 94, 0, 0, 0, 0, 0
rtr_13x8x13, idle_time, port6, Accumulator, 497296000, 94, 415376000, 12899776000000, 27224, 4000, 1220000
rtr_13x8x13, width_adj_count, port6, Accumulator, 497296000, 94, 0, 0, 0, 0, 0
rtr_13x8x13, xbar_stalls, port0, Accumulator, 497296000, 94, 7889, 7889, 7889, 1, 1
rtr_13x8x13, xbar_stalls, port1, Accumulator, 497296000, 94, 47052, 47052, 47052, 1, 1
rtr_13x8x13, xbar_stalls, port2, Accumulator, 497296000, 94, 7690, 7690, 7690, 1, 1
rtr_13x8x13, xbar_stalls, port3, Accumulator, 497296000, 94, 10009, 10009, 10009, 1, 1
rtr_13x8x13, xbar_stalls, port4, Accumulator, 497296000, 94, 4135, 4135, 4135, 1, 1
rtr_13x8x13, xbar_stalls, port5, Accumulator, 497296000, 94, 7731, 7731, 7731, 1, 1
rtr_13x8x13, xbar_stalls, port6, Accumulator, 497296000, 94, 45014, 45014, 45014, 1, 1
testNic_3469:networkIF, packet_latency, , Accumulator, 497296000, 94, 464263635, 21703160109427, 40960, 147, 198206
testNic_3469:networkIF, send_bit_count, , Accumulator, 497296000, 94, 2621440, 167772160, 40960, 64, 64
testNic_3469:networkIF, output_port_stalls, , Accumulator, 497296000, 94, 58783000, 347277000000, 14958, 1000, 26000
testNic_3469:networkIF, idle_time, , Accumulator, 497296000, 94, 1303000, 27073000000, 108, 2000, 60000
rtr_14x8x13, send_bit_count, port0, Accumulator, 497296000, 94, 5898240, 377487360, 92160, 64, 64
rtr_14x8x13, send_packet_count, port0, Accumulator, 497296000, 94, 92160, 92160, 92160, 1, 1
rtr_14x8x13, output_port_stalls, port0, Accumulator, 497296000, 94, 14642000, 32524000000, 6979, 2000, 8000
rtr_14x8x13, idle_time, port0, Accumulator, 497296000, 94, 277244000, 26047448768000000, 10245, 4000, 161384000
rtr_14x8x13, width_adj_count, port0, Accumulator, 497296000, 94, 0, 0, 0, 0, 0
rtr_14x8x13, send_bit_count, port1, Accumulator, 497296000, 94, 4587520, 293601280, 71680, 64, 64
rtr_14x8x13, send_packet_count, port1, Accumulator, 497296000, 94, 71680, 71680, 71680, 1, 1
rtr_14x8x13, output_port_stalls, port1, Accumulator, 497296000, 94, 0, 0, 0, 0, 0
rtr_14x8x13, idle_time, port1, Accumulator, 497296000, 94, 353936000, 73276456000000, 14025, 4000, 4402000
rtr_14x8x13, width_adj_count, port1, Accumulator, 497296000, 94, 0, 0, 0, 0, 0
rtr_14x8x13, send_bit_count, port2, Accumulator, 497296000, 94, 5898240, 377487360, 92160, 64, 64
rtr_14x8x13, send_packet_count, port2, Accumulator, 497296000, 94, 92160, 92160, 92160, 1, 1
rtr_14x8x13, output_port_stalls, port2, Accumulator, 497296000, 94, 0, 0, 0, 0, 0
rtr_14x8x13, idle_time, port2, Accumulator, 497296000, 94, 312976000, 6915208000000, 37154, 4000, 1714000
rtr_14x8x13, width_adj_count, port2, Accumulator, 497296000, 94, 0, 0, 0, 0, 0
rtr_14x8x13, send_bit_count, port3, Accumulator, 497296000, 94, 4587520, 293601280, 71680, 64, 64
rtr_14x8x13, send_packet_count, port3, Accumulator, 497296000, 94, 71680, 71680, 71680, 1, 1
rtr_14x8x13, output_port_stalls, port3, Accumulator, 497296000, 94, 0, 0, 0, 0, 0
rtr_14x8x13, idle_time, port3, Accumulator, 497296000, 94, 353936000, 11466392000000, 35445, 4000, 2368000
rtr_14x8x13, width_adj_count, port3, Accumulator, 497296000, 94, 0, 0, 0, 0, 0
rtr_14x8x13, send_bit_count, port4, Accumulator, 497296000, 94, 5898240, 377487360, 92160, 64, 64
rtr_14x8x13, send_packet_count, port4, Accumulator, 497296000, 94, 92160, 92160, 92160, 1, 1
rtr_14x8x13, output_port_stalls, port4, Accumulator, 497296000, 94, 66000, 132000000, 33, 2000, 2000
rtr_14x8x13, idle_time, port4, Accumulator, 497296000, 94, 311698000, 22464788000000, 31403, 4000, 3860000
rtr_14x8x13, width_adj_count, port4, Accumulator, 497296000, 94, 0, 0, 0, 0, 0
rtr_14x8x13, send_bit_count, port5, Accumulator, 497296000, 94, 4587520, 293601280, 71680, 64, 64
rtr_14x8x13, send_packet_count, port5, Accumulator, 497296000, 94, 71680, 71680, 71680, 1, 1
rtr_14x8x13, output_port_stalls, port5, Accumulator, 497296000, 94, 0, 0, 0, 0, 0
rtr_14x8x13, idle_time, port5, Accumulator, 497296000, 94, 353936000, 79085288000000, 30083, 4000, 7982000
rtr_14x8x13, width_adj_count, port5, Accumulator, 497296000, 94, 0, 0, 0, 0, 0
rtr_14x8x13, send_bit_count, port6, Accumulator, 497296000, 94, 2621440, 167772160, 40960, 64, 64
rtr_14x8x13, send_packet_count, port6, Accumulator, 497296000, 94, 40960, 40960, 40960, 1, 1
rtr_14x8x13, output_port_stalls, port6, Accumulator, 497296000, 94, 0, 0, 0, 0, 0
rtr_14x8x13, idle_time, port6, Accumulator, 497296000, 94, 415376000, 12953064000000, 27423, 4000, 1282000
rtr_14x8x13, width_adj_count, port6, Accumulator, 497296000, 94, 0, 0, 0, 0, 0
rtr_14x8x13, xbar_stalls, port0, Accumulator, 497296000, 94, 5965, 5965, 5965, 1, 1
rtr_14x8x13, xbar_stalls, port1, Accumulator, 497296000, 94, 33601, 33601, 33601, 1, 1
rtr_14x8x13, xbar_stalls, port2, Accumulator, 497296000, 94, 7564, 7564, 7564, 1, 1
rtr_14x8x13, xbar_stalls, port3, Accumulator, 497296000, 94, 10116, 10116, 10116, 1, 1
rtr_14x8x13, xbar_stalls, port4, Accumulator, 497296000, 94, 4023, 4023, 4023, 1, 1
rtr_14x8x13, xbar_stalls, port5, Accumulator, 497296000, 94, 7707, 7707, 7707, 1, 1
rtr_14x8x13, xbar_stalls, port6, Accumulator, 497296000, 94, 32696, 32696, 32696, 1, 1
testNic_3470:networkIF, packet_latency, , Accumulator, 497296000, 94, 438509723, 17238195726227, 40960, 147, 198142
testNic_3470:networkIF, send_bit_count, , Accumulator, 497296000, 94, 2621440, 167772160, 40960, 64, 64
testNic_3470:networkIF, output_port_stalls, , Accumulator, 497296000, 94, 38105000, 139725000000, 12975, 2000, 16000
testNic_3470:networkIF, idle_time, , Accumulator, 497296000, 94, 1295000, 27337000000, 108, 2000, 58000
rtr_15x8x13, send_bit_count, port0, Accumulator, 497296000, 94, 5898240, 377487360, 92160, 64, 64
rtr_15x8x13, send_packet_count, port0, Accumulator, 497296000, 94, 92160, 92160, 92160, 1, 1
rtr_15x8x13, output_port_stalls, port0, Accumulator, 497296000, 94, 1218000, 2524000000, 598, 2000, 4000
rtr_15x8x13, idle_time, port0, Accumulator, 497296000, 94, 307310000, 35915159628000000, 10931, 4000, 189506000
rtr_15x8x13, width_adj_count, port0, Accumulator, 497296000, 94, 0, 0, 0, 0, 0
rtr_15x8x13, send_bit_count, port1, Accumulator, 497296000, 94, 4587520, 293601280, 71680, 64, 64
rtr_15x8x13, send_packet_count, port1, Accumulator, 497296000, 94, 71680, 71680, 71680, 1, 1
rtr_15x8x13, output_port_stalls, port1, Accumulator, 497296000, 94, 0, 0, 0, 0, 0
rtr_15x8x13, idle_time, port1, Accumulator, 497296000, 94, 353936000, 73094352000000, 13713, 4000, 4464000
rtr_15x8x13, width_adj_count, port1, Accumulator, 497296000, 94, 0, 0, 0, 0, 0
rtr_15x8x13, send_bit_count, port2, Accumulator, 497296000, 94, 5898240, 377487360, 92160, 64, 64
rtr_15x8x13, send_packet_count, port2, Accumulator, 497296000, 94, 92160, 92160, 92160, 1, 1
rtr_15x8x13, output_port_stalls, port2, Accumulator, 497296000, 94, 0, 0, 0, 0, 0
rtr_15x8x13, idle_time, port2, Accumulator, 497296000, 94, 312976000, 7135448000000, 37133, 4000, 1776000
rtr_15x8x13, width_adj_count, port2, Accumulator, 497296000, 94, 0, 0, 0, 0, 0
rtr_15x8x13, send_bit_count, port3, Accumulator, 497296000, 94, 4587520, 293601280, 71680, 64, 64
rtr_15x8x13, send_packet_count, port3, Accumulator, 497296000, 94, 71680, 71680, 71680, 1, 1
rtr_15x8x13, output_port_stalls, port3, Accumulator, 497296000, 94, 0, 0, 0, 0, 0
rtr_15x8x13, idle_time, port3, Accumulator, 497296000, 94, 353936000, 11752240000000, 35528, 4000, 2430000
rtr_15x8x13, width_adj_count, port3, Accumulator, 497296000, 94, 0, 0, 0, 0, 0
rtr_15x8x13, send_bit_count, port4, Accumulator, 497296000, 94, 5898240, 377487360, 92160, 64, 64
rtr_15x8x13, send_packet_count, port4, Accumulator, 497296000, 94, 92160, 92160, 92160, 1, 1
rtr_15x8x13, output_port_stalls, port4, Accumulator, 497296000, 94, 76000, 152000000, 38, 2000, 2000
rtr_15x8x13, idle_time, port4, Accumulator, 497296000, 94, 311598000, 23000756000000, 31047, 4000, 3922000
rtr_15x8x13, width_adj_count, port4, Accumulator, 497296000, 94, 0, 0, 0, 0, 0
rtr_15x8x13, send_bit_count, port5, Accumulator, 497296000, 94, 4587520, 293601280, 71680, 64, 64
rtr_15x8x13, send_packet_count, port5, Accumulator, 497296000, 94, 71680, 71680, 71680, 1, 1
rtr_15x8x13, output_port_stalls, port5, Accumulator, 497296000, 94, 0, 0, 0, 0, 0
rtr_15x8x13, idle_time, port5, Accumulator, 497296000, 94, 353936000, 77569064000000, 29860, 4000, 7864000
rtr_15x8x13, width_adj_count, port5, Accumulator, 497296000, 94, 0, 0, 0, 0, 0
rtr_15x8x13, send_bit_count, port6, Accumulator, 497296000, 94, 2621440, 167772160, 40960, 64, 64
rtr_15x8x13, send_packet_count, port6, Accumulator, 497296000, 94, 40960, 40960, 40960, 1, 1
rtr_15x8x13, output_port_stalls, port6, Accumulator, 497296000, 94, 0, 0, 0, 0, 0
rtr_15x8x13, idle_time, port6, Accumulator, 497296000, 94, 415376000, 13182168000000, 27354, 4000, 1344000
rtr_15x8x13, width_adj_count, port6, Accumulator, 497296000, 94, 0, 0, 0, 0, 0
rtr_15x8x13, xbar_stalls, port0, Accumulator, 497296000, 94, 4189, 4189, 4189, 1, 1
rtr_15x8x13, xbar_stalls, port1, Accumulator, 497296000, 94, 20320, 20320, 20320, 1, 1
rtr_15x8x13, xbar_stalls, port2, Accumulator, 497296000, 94, 7524, 7524, 7524, 1, 1
rtr_15x8x13, xbar_stalls, port3, Accumulator, 497296000, 94, 10294, 10294, 10294, 1, 1
rtr_15x8x13, xbar_stalls, port4, Accumulator, 497296000, 94, 4103, 4103, 4103, 1, 1
rtr_15x8x13, xbar_stalls, port5, Accumulator, 497296000, 94, 7775, 7775, 7775, 1, 1
rtr_15x8x13, xbar_stalls, port6, Accumulator, 497296000, 94, 20176, 20176, 20176, 1, 1
testNic_3471:networkIF, packet_latency, , Accumulator, 497296000, 94, 412954632, 13682877440808, 40960, 147, 198080
testNic_3471:networkIF, send_bit_count, , Accumulator, 497296000, 94, 2621440, 167772160, 40960, 64, 64
testNic_3471:networkIF, output_port_stalls, , Accumulator, 497296000, 94, 19917000, 43841000000, 9543, 1000, 10000
testNic_3471:networkIF, idle_time, , Accumulator, 497296000, 94, 1319000, 29153000000, 103, 2000, 52000
rtr_0x9x13, send_bit_count, port0, Accumulator, 497296000, 94, 5898240, 377487360, 92160, 64, 64
rtr_0x9x13, send_packet_count, port0, Accumulator, 497296000, 94, 92160, 92160, 92160, 1, 1
rtr_0x9x13, output_port_stalls, port0, Accumulator, 497296000, 94, 148670000, 4317444000000, 15320, 2000, 150000
rtr_0x9x13, idle_time, port0, Accumulator, 497296000, 94, 39442000, 1462152996000000, 250, 4000, 38238000
rtr_0x9x13, width_adj_count, port0, Accumulator, 497296000, 94, 0, 0, 0, 0, 0
rtr_0x9x13, send_bit_count, port1, Accumulator, 497296000, 94, 4587520, 293601280, 71680, 64, 64
rtr_0x9x13, send_packet_count, port1, Accumulator, 497296000, 94, 71680, 71680, 71680, 1, 1
rtr_0x9x13, output_port_stalls, port1, Accumulator, 497296000, 94, 0, 0, 0, 0, 0
rtr_0x9x13, idle_time, port1, Accumulator, 497296000, 94, 353936000, 116005648000000, 11267, 4000, 4518000
rtr_0x9x13, width_adj_count, port1, Accumulator, 497296000, 94, 0, 0, 0, 0, 0
rtr_0x9x13, send_bit_count, port2, Accumulator, 497296000, 94, 5898240, 377487360, 92160, 64, 64
rtr_0x9x13, send_packet_count, port2, Accumulator, 497296000, 94, 92160, 92160, 92160, 1, 1
rtr_0x9x13, output_port_stalls, port2, Accumulator, 497296000, 94, 0, 0, 0, 0, 0
rtr_0x9x13, idle_time, port2, Accumulator, 497296000, 94, 312976000, 7392200000000, 37207, 4000, 1808000
rtr_0x9x13, width_adj_count, port2, Accumulator, 497296000, 94, 0, 0, 0, 0, 0
rtr_0x9x13, send_bit_count, port3, Accumulator, 497296000, 94, 4587520, 293601280, 71680, 64, 64
rtr_0x9x13, send_packet_count, port3, Accumulator, 497296000, 94, 71680, 71680, 71680, 1, 1
rtr_0x9x13, output_port_stalls, port3, Accumulator, 497296000, 94, 0, 0, 0, 0, 0
rtr_0x9x13, idle_time, port3, Accumulator, 497296000, 94, 353936000, 12151272000000, 35685, 4000, 2556000
rtr_0x9x13, width_adj_count, port3, Accumulator, 497296000, 94, 0, 0, 0, 0, 0
rtr_0x9x13, send_bit_count, port4, Accumulator, 497296000, 94, 5898240, 377487360, 92160, 64, 64
rtr_0x9x13, send_packet_count, port4, Accumulator, 497296000, 94, 92160, 92160, 92160, 1, 1
rtr_0x9x13, output_port_stalls, port4, Accumulator, 497296000, 94, 72000, 152000000, 35, 2000, 4000
rtr_0x9x13, idle_time, port4, Accumulator, 497296000, 94, 311766000, 22882988000000, 31261, 4000, 3920000
rtr_0x9x13, width_adj_count, port4, Accumulator, 497296000, 94, 0, 0, 0, 0, 0
rtr_0x9x13, send_bit_count, port5, Accumulator, 497296000, 94, 4587520, 293601280, 71680, 64, 64
rtr_0x9x13, send_packet_count, port5, Accumulator, 497296000, 94, 71680, 71680, 71680, 1, 1
rtr_0x9x13, output_port_stalls, port5, Accumulator, 497296000, 94, 0, 0, 0, 0, 0
rtr_0x9x13, idle_time, port5, Accumulator, 497296000, 94, 353936000, 74799344000000, 29619, 4000, 7732000
rtr_0x9x13, width_adj_count, port5, Accumulator, 497296000, 94, 0, 0, 0, 0, 0
rtr_0x9x13, send_bit_count, port6, Accumulator, 497296000, 94, 2621440, 167772160, 40960, 64, 64
rtr_0x9x13, send_packet_count, port6, Accumulator, 497296000, 94, 40960, 40960, 40960, 1, 1
rtr_0x9x13, output_port_stalls, port6, Accumulator, 497296000, 94, 0, 0, 0, 0, 0
rtr_0x9x13, idle_time, port6, Accumulator, 497296000, 94, 415376000, 13191952000000, 27262, 4000, 1342000
rtr_0x9x13, width_adj_count, port6, Accumulator, 497296000, 94, 0, 0, 0, 0, 0
rtr_0x9x13, xbar_stalls, port0, Accumulator, 497296000, 94, 11856, 11856, 11856, 1, 1
rtr_0x9x13, xbar_stalls, port1, Accumulator, 497296000, 94, 6259, 6259, 6259, 1, 1
rtr_0x9x13, xbar_stalls, port2, Accumulator, 497296000, 94, 6675, 6675, 6675, 1, 1
rtr_0x9x13, xbar_stalls, port3, Accumulator, 497296000, 94, 10541, 10541, 10541, 1, 1
rtr_0x9x13, xbar_stalls, port4, Accumulator, 497296000, 94, 4103, 4103, 4103, 1, 1
rtr_0x9x13, xbar_stalls, port5, Accumulator, 497296000, 94, 7714, 7714, 7714, 1, 1
rtr_0x9x13, xbar_stalls, port6, Accumulator, 497296000, 94, 188439, 188439, 188439, 1, 1
testNic_3472:networkIF, packet_latency, , Accumulator, 497296000, 94, 376697217, 10631949402889, 40960, 147, 198082
testNic_3472:networkIF, send_bit_count, , Accumulator, 497296000, 94, 2621440, 167772160, 40960, 64, 64
testNic_3472:networkIF, output_port_stalls, , Accumulator, 497296000, 94, 353247000, 264640141000000, 11252, 1000, 3126000
testNic_3472:networkIF, idle_time, , Accumulator, 497296000, 94, 1141000, 34029000000, 70, 2000, 84000
rtr_1x9x13, send_bit_count, port0, Accumulator, 497296000, 94, 5898240, 377487360, 92160, 64, 64
rtr_1x9x13, send_packet_count, port0, Accumulator, 497296000, 94, 92160, 92160, 92160, 1, 1
rtr_1x9x13, output_port_stalls, port0, Accumulator, 497296000, 94, 177380000, 4842616000000, 20722, 2000, 162000
rtr_1x9x13, idle_time, port0, Accumulator, 497296000, 94, 20506000, 21384252000000, 1003, 4000, 4592000
rtr_1x9x13, width_adj_count, port0, Accumulator, 497296000, 94, 0, 0, 0, 0, 0
rtr_1x9x13, send_bit_count, port1, Accumulator, 497296000, 94, 4587520, 293601280, 71680, 64, 64
rtr_1x9x13, send_packet_count, port1, Accumulator, 497296000, 94, 71680, 71680, 71680, 1, 1
rtr_1x9x13, output_port_stalls, port1, Accumulator, 497296000, 94, 120000, 248000000, 59, 2000, 4000
rtr_1x9x13, idle_time, port1, Accumulator, 497296000, 94, 352944000, 84510992000000, 12616, 4000, 4580000
rtr_1x9x13, width_adj_count, port1, Accumulator, 497296000, 94, 0, 0, 0, 0, 0
rtr_1x9x13, send_bit_count, port2, Accumulator, 497296000, 94, 5898240, 377487360, 92160, 64, 64
rtr_1x9x13, send_packet_count, port2, Accumulator, 497296000, 94, 92160, 92160, 92160, 1, 1
rtr_1x9x13, output_port_stalls, port2, Accumulator, 497296000, 94, 0, 0, 0, 0, 0
rtr_1x9x13, idle_time, port2, Accumulator, 497296000, 94, 312976000, 7592880000000, 37325, 4000, 1868000
rtr_1x9x13, width_adj_count, port2, Accumulator, 497296000, 94, 0, 0, 0, 0, 0
rtr_1x9x13, send_bit_count, port3, Accumulator, 497296000, 94, 4587520, 293601280, 71680, 64, 64
rtr_1x9x13, send_packet_count, port3, Accumulator, 497296000, 94, 71680, 71680, 71680, 1, 1
rtr_1x9x13, output_port_stalls, port3, Accumulator, 497296000, 94, 0, 0, 0, 0, 0
rtr_1x9x13, idle_time, port3, Accumulator, 497296000, 94, 353936000, 12505008000000, 35658, 4000, 2616000
rtr_1x9x13, width_adj_count, port3, Accumulator, 497296000, 94, 0, 0, 0, 0, 0
rtr_1x9x13, send_bit_count, port4, Accumulator, 497296000, 94, 5898240, 377487360, 92160, 64, 64
rtr_1x9x13, send_packet_count, port4, Accumulator, 497296000, 94, 92160, 92160, 92160, 1, 1
rtr_1x9x13, output_port_stalls, port4, Accumulator, 497296000, 94, 58000, 116000000, 29, 2000, 2000
rtr_1x9x13, idle_time, port4, Accumulator, 497296000, 94, 311804000, 23405336000000, 31449, 4000, 3982000
rtr_1x9x13, width_adj_count, port4, Accumulator, 497296000, 94, 0, 0, 0, 0, 0
rtr_1x9x13, send_bit_count, port5, Accumulator, 497296000, 94, 4587520, 293601280, 71680, 64, 64
rtr_1x9x13, send_packet_count, port5, Accumulator, 497296000, 94, 71680, 71680, 71680, 1, 1
rtr_1x9x13, output_port_stalls, port5, Accumulator, 497296000, 94, 0, 0, 0, 0, 0
rtr_1x9x13, idle_time, port5, Accumulator, 497296000, 94, 353936000, 76524264000000, 29742, 4000, 7798000
rtr_1x9x13, width_adj_count, port5, Accumulator, 497296000, 94, 0, 0, 0, 0, 0
rtr_1x9x13, send_bit_count, port6, Accumulator, 497296000, 94, 2621440, 167772160, 40960, 64, 64
rtr_1x9x13, send_packet_count, port6, Accumulator, 497296000, 94, 40960, 40960, 40960, 1, 1
rtr_1x9x13, output_port_stalls, port6, Accumulator, 497296000, 94, 0, 0, 0, 0, 0
rtr_1x9x13, idle_time, port6, Accumulator, 497296000, 94, 415376000, 13284152000000, 27248, 4000, 1404000
rtr_1x9x13, width_adj_count, port6, Accumulator, 497296000, 94, 0, 0, 0, 0, 0
rtr_1x9x13, xbar_stalls, port0, Accumulator, 497296000, 94, 9300, 9300, 9300, 1, 1
rtr_1x9x13, xbar_stalls, port1, Accumulator, 497296000, 94, 138261, 138261, 138261, 1, 1
rtr_1x9x13, xbar_stalls, port2, Accumulator, 497296000, 94, 7169, 7169, 7169, 1, 1
rtr_1x9x13, xbar_stalls, port3, Accumulator, 497296000, 94, 10530, 10530, 10530, 1, 1
rtr_1x9x13, xbar_stalls, port4, Accumulator, 497296000, 94, 4093, 4093, 4093, 1, 1
rtr_1x9x13, xbar_stalls, port5, Accumulator, 497296000, 94, 7748, 7748, 7748, 1, 1
rtr_1x9x13, xbar_stalls, port6, Accumulator, 497296000, 94, 205377, 205377, 205377, 1, 1
testNic_3473:networkIF, packet_latency, , Accumulator, 497296000, 94, 392321364, 17201637341090, 40960, 147, 272822
testNic_3473:networkIF, send_bit_count, , Accumulator, 497296000, 94, 2621440, 167772160, 40960, 64, 64
testNic_3473:networkIF, output_port_stalls, , Accumulator, 497296000, 94, 383715000, 275072789000000, 13060, 1000, 3178000
testNic_3473:networkIF, idle_time, , Accumulator, 497296000, 94, 1019000, 46961000000, 35, 2000, 98000
rtr_2x9x13, send_bit_count, port0, Accumulator, 497296000, 94, 5898240, 377487360, 92160, 64, 64
rtr_2x9x13, send_packet_count, port0, Accumulator, 497296000, 94, 92160, 92160, 92160, 1, 1
rtr_2x9x13, output_port_stalls, port0, Accumulator, 497296000, 94, 179332000, 4645944000000, 22003, 2000, 156000
rtr_2x9x13, idle_time, port0, Accumulator, 497296000, 94, 15352000, 20702064000000, 792, 4000, 4530000
rtr_2x9x13, width_adj_count, port0, Accumulator, 497296000, 94, 0, 0, 0, 0, 0
rtr_2x9x13, send_bit_count, port1, Accumulator, 497296000, 94, 4587520, 293601280, 71680, 64, 64
rtr_2x9x13, send_packet_count, port1, Accumulator, 497296000, 94, 71680, 71680, 71680, 1, 1
rtr_2x9x13, output_port_stalls, port1, Accumulator, 497296000, 94, 0, 0, 0, 0, 0
rtr_2x9x13, idle_time, port1, Accumulator, 497296000, 94, 353936000, 447248224000000, 13043, 4000, 20154000
rtr_2x9x13, width_adj_count, port1, Accumulator, 497296000, 94, 0, 0, 0, 0, 0
rtr_2x9x13, send_bit_count, port2, Accumulator, 497296000, 94, 5898240, 377487360, 92160, 64, 64
rtr_2x9x13, send_packet_count, port2, Accumulator, 497296000, 94, 92160, 92160, 92160, 1, 1
rtr_2x9x13, output_port_stalls, port2, Accumulator, 497296000, 94, 0, 0, 0, 0, 0
rtr_2x9x13, idle_time, port2, Accumulator, 497296000, 94, 312976000, 7367024000000, 37264, 4000, 1804000
rtr_2x9x13, width_adj_count, port2, Accumulator, 497296000, 94, 0, 0, 0, 0, 0
rtr_2x9x13, send_bit_count, port3, Accumulator, 497296000, 94, 4587520, 293601280, 71680, 64, 64
rtr_2x9x13, send_packet_count, port3, Accumulator, 497296000, 94, 71680, 71680, 71680, 1, 1
rtr_2x9x13, output_port_stalls, port3, Accumulator, 497296000, 94, 0, 0, 0, 0, 0
rtr_2x9x13, idle_time, port3, Accumulator, 497296000, 94, 353936000, 12177208000000, 35484, 4000, 2550000
rtr_2x9x13, width_adj_count, port3, Accumulator, 497296000, 94, 0, 0, 0, 0, 0
rtr_2x9x13, send_bit_count, port4, Accumulator, 497296000, 94, 5898240, 377487360, 92160, 64, 64
rtr_2x9x13, send_packet_count, port4, Accumulator, 497296000, 94, 92160, 92160, 92160, 1, 1
rtr_2x9x13, output_port_stalls, port4, Accumulator, 497296000, 94, 62000, 124000000, 31, 2000, 2000
rtr_2x9x13, idle_time, port4, Accumulator, 497296000, 94, 311652000, 22848792000000, 31356, 4000, 3916000
rtr_2x9x13, width_adj_count, port4, Accumulator, 497296000, 94, 0, 0, 0, 0, 0
rtr_2x9x13, send_bit_count, port5, Accumulator, 497296000, 94, 4587520, 293601280, 71680, 64, 64
rtr_2x9x13, send_packet_count, port5, Accumulator, 497296000, 94, 71680, 71680, 71680, 1, 1
rtr_2x9x13, output_port_stalls, port5, Accumulator, 497296000, 94, 0, 0, 0, 0, 0
rtr_2x9x13, idle_time, port5, Accumulator, 497296000, 94, 353936000, 99027184000000, 29205, 4000, 9102000
rtr_2x9x13, width_adj_count, port5, Accumulator, 497296000, 94, 0, 0, 0, 0, 0
rtr_2x9x13, send_bit_count, port6, Accumulator, 497296000, 94, 2621440, 167772160, 40960, 64, 64
rtr_2x9x13, send_packet_count, port6, Accumulator, 497296000, 94, 40960, 40960, 40960, 1, 1
rtr_2x9x13, output_port_stalls, port6, Accumulator, 497296000, 94, 0, 0, 0, 0, 0
rtr_2x9x13, idle_time, port6, Accumulator, 497296000, 94, 415376000, 13145096000000, 27297, 4000, 1338000
rtr_2x9x13, width_adj_count, port6, Accumulator, 497296000, 94, 0, 0, 0, 0, 0
rtr_2x9x13, xbar_stalls, port0, Accumulator, 497296000, 94, 8657, 8657, 8657, 1, 1
rtr_2x9x13, xbar_stalls, port1, Accumulator, 497296000, 94, 148166, 148166, 148166, 1, 1
rtr_2x9x13, xbar_stalls, port2, Accumulator, 497296000, 94, 7263, 7263, 7263, 1, 1
rtr_2x9x13, xbar_stalls, port3, Accumulator, 497296000, 94, 10605, 10605, 10605, 1, 1
rtr_2x9x13, xbar_stalls, port4, Accumulator, 497296000, 94, 4235, 4235, 4235, 1, 1
rtr_2x9x13, xbar_stalls, port5, Accumulator, 497296000, 94, 7727, 7727, 7727, 1, 1
rtr_2x9x13, xbar_stalls, port6, Accumulator, 497296000, 94, 197590, 197590, 197590, 1, 1
testNic_3474:networkIF, packet_latency, , Accumulator, 497296000, 94, 420992239, 27036061482279, 40960, 147, 296026
testNic_3474:networkIF, send_bit_count, , Accumulator, 497296000, 94, 2621440, 167772160, 40960, 64, 64
testNic_3474:networkIF, output_port_stalls, , Accumulator, 497296000, 94, 362235000, 166531261000000, 15921, 1000, 1782000
testNic_3474:networkIF, idle_time, , Accumulator, 497296000, 94, 1115000, 32153000000, 62, 2000, 54000
rtr_3x9x13, send_bit_count, port0, Accumulator, 497296000, 94, 5898240, 377487360, 92160, 64, 64
rtr_3x9x13, send_packet_count, port0, Accumulator, 497296000, 94, 92160, 92160, 92160, 1, 1
rtr_3x9x13, output_port_stalls, port0, Accumulator, 497296000, 94, 179272000, 4572496000000, 21248, 2000, 132000
rtr_3x9x13, idle_time, port0, Accumulator, 497296000, 94, 19596000, 20174552000000, 1672, 4000, 4466000
rtr_3x9x13, width_adj_count, port0, Accumulator, 497296000, 94, 0, 0, 0, 0, 0
rtr_3x9x13, send_bit_count, port1, Accumulator, 497296000, 94, 4587520, 293601280, 71680, 64, 64
rtr_3x9x13, send_packet_count, port1, Accumulator, 497296000, 94, 71680, 71680, 71680, 1, 1
rtr_3x9x13, output_port_stalls, port1, Accumulator, 497296000, 94, 0, 0, 0, 0, 0
rtr_3x9x13, idle_time, port1, Accumulator, 497296000, 94, 353936000, 2311209952000000, 13016, 4000, 47798000
rtr_3x9x13, width_adj_count, port1, Accumulator, 497296000, 94, 0, 0, 0, 0, 0
rtr_3x9x13, send_bit_count, port2, Accumulator, 497296000, 94, 5898240, 377487360, 92160, 64, 64
rtr_3x9x13, send_packet_count, port2, Accumulator, 497296000, 94, 92160, 92160, 92160, 1, 1
rtr_3x9x13, output_port_stalls, port2, Accumulator, 497296000, 94, 0, 0, 0, 0, 0
rtr_3x9x13, idle_time, port2, Accumulator, 497296000, 94, 312976000, 7064696000000, 37307, 4000, 1738000
rtr_3x9x13, width_adj_count, port2, Accumulator, 497296000, 94, 0, 0, 0, 0, 0
rtr_3x9x13, send_bit_count, port3, Accumulator, 497296000, 94, 4587520, 293601280, 71680, 64, 64
rtr_3x9x13, send_packet_count, port3, Accumulator, 497296000, 94, 71680, 71680, 71680, 1, 1
rtr_3x9x13, output_port_stalls, port3, Accumulator, 497296000, 94, 0, 0, 0, 0, 0
rtr_3x9x13, idle_time, port3, Accumulator, 497296000, 94, 353936000, 11817744000000, 35532, 4000, 2486000
rtr_3x9x13, width_adj_count, port3, Accumulator, 497296000, 94, 0, 0, 0, 0, 0
rtr_3x9x13, send_bit_count, port4, Accumulator, 497296000, 94, 5898240, 377487360, 92160, 64, 64
rtr_3x9x13, send_packet_count, port4, Accumulator, 497296000, 94, 92160, 92160, 92160, 1, 1
rtr_3x9x13, output_port_stalls, port4, Accumulator, 497296000, 94, 48000, 96000000, 24, 2000, 2000
rtr_3x9x13, idle_time, port4, Accumulator, 497296000, 94, 311528000, 22233536000000, 31302, 4000, 3852000
rtr_3x9x13, width_adj_count, port4, Accumulator, 497296000, 94, 0, 0, 0, 0, 0
rtr_3x9x13, send_bit_count, port5, Accumulator, 497296000, 94, 4587520, 293601280, 71680, 64, 64
rtr_3x9x13, send_packet_count, port5, Accumulator, 497296000, 94, 71680, 71680, 71680, 1, 1
rtr_3x9x13, output_port_stalls, port5, Accumulator, 497296000, 94, 0, 0, 0, 0, 0
rtr_3x9x13, idle_time, port5, Accumulator, 497296000, 94, 353936000, 91402888000000, 29217, 4000, 8540000
rtr_3x9x13, width_adj_count, port5, Accumulator, 497296000, 94, 0, 0, 0, 0, 0
rtr_3x9x13, send_bit_count, port6, Accumulator, 497296000, 94, 2621440, 167772160, 40960, 64, 64
rtr_3x9x13, send_packet_count, port6, Accumulator, 497296000, 94, 40960, 40960, 40960, 1, 1
rtr_3x9x13, output_port_stalls, port6, Accumulator, 497296000, 94, 0, 0, 0, 0, 0
rtr_3x9x13, idle_time, port6, Accumulator, 497296000, 94, 415376000, 12969008000000, 27288, 4000, 1276000
rtr_3x9x13, width_adj_count, port6, Accumulator, 497296000, 94, 0, 0, 0, 0, 0
rtr_3x9x13, xbar_stalls, port0, Accumulator, 497296000, 94, 8711, 8711, 8711, 1, 1
rtr_3x9x13, xbar_stalls, port1, Accumulator, 497296000, 94, 149621, 149621, 149621, 1, 1
rtr_3x9x13, xbar_stalls, port2, Accumulator, 497296000, 94, 7247, 7247, 7247, 1, 1
rtr_3x9x13, xbar_stalls, port3, Accumulator, 497296000, 94, 10773, 10773, 10773, 1, 1
rtr_3x9x13, xbar_stalls, port4, Accumulator, 497296000, 94, 4237, 4237, 4237, 1, 1
rtr_3x9x13, xbar_stalls, port5, Accumulator, 497296000, 94, 7770, 7770, 7770, 1, 1
rtr_3x9x13, xbar_stalls, port6, Accumulator, 497296000, 94, 183768, 183768, 183768, 1, 1
testNic_3475:networkIF, packet_latency, , Accumulator, 497296000, 94, 456615868, 37594184595682, 40960, 147, 307442
testNic_3475:networkIF, send_bit_count, , Accumulator, 497296000, 94, 2621440, 167772160, 40960, 64, 64
testNic_3475:networkIF, output_port_stalls, , Accumulator, 497296000, 94, 334103000, 101957173000000, 16026, 1000, 1254000
testNic_3475:networkIF, idle_time, , Accumulator, 497296000, 94, 1355000, 36273000000, 96, 2000, 102000
rtr_4x9x13, send_bit_count, port0, Accumulator, 497296000, 94, 5898240, 377487360, 92160, 64, 64
rtr_4x9x13, send_packet_count, port0, Accumulator, 497296000, 94, 92160, 92160, 92160, 1, 1
rtr_4x9x13, output_port_stalls, port0, Accumulator, 497296000, 94, 180720000, 4617328000000, 19714, 2000, 136000
rtr_4x9x13, idle_time, port0, Accumulator, 497296000, 94, 28484000, 19697880000000, 3202, 4000, 4402000
rtr_4x9x13, width_adj_count, port0, Accumulator, 497296000, 94, 0, 0, 0, 0, 0
rtr_4x9x13, send_bit_count, port1, Accumulator, 497296000, 94, 4587520, 293601280, 71680, 64, 64
rtr_4x9x13, send_packet_count, port1, Accumulator, 497296000, 94, 71680, 71680, 71680, 1, 1
rtr_4x9x13, output_port_stalls, port1, Accumulator, 497296000, 94, 0, 0, 0, 0, 0
rtr_4x9x13, idle_time, port1, Accumulator, 497296000, 94, 353936000, 5970777128000000, 13142, 4000, 77158000
rtr_4x9x13, width_adj_count, port1, Accumulator, 497296000, 94, 0, 0, 0, 0, 0
rtr_4x9x13, send_bit_count, port2, Accumulator, 497296000, 94, 5898240, 377487360, 92160, 64, 64
rtr_4x9x13, send_packet_count, port2, Accumulator, 497296000, 94, 92160, 92160, 92160, 1, 1
rtr_4x9x13, output_port_stalls, port2, Accumulator, 497296000, 94, 0, 0, 0, 0, 0
rtr_4x9x13, idle_time, port2, Accumulator, 497296000, 94, 312976000, 6821760000000, 37452, 4000, 1672000
rtr_4x9x13, width_adj_count, port2, Accumulator, 497296000, 94, 0, 0, 0, 0, 0
rtr_4x9x13, send_bit_count, port3, Accumulator, 497296000, 94, 4587520, 293601280, 71680, 64, 64
rtr_4x9x13, send_packet_count, port3, Accumulator, 497296000, 94, 71680, 71680, 71680, 1, 1
rtr_4x9x13, output_port_stalls, port3, Accumulator, 497296000, 94, 0, 0, 0, 0, 0
rtr_4x9x13, idle_time, port3, Accumulator, 497296000, 94, 353936000, 11442336000000, 35708, 4000, 2420000
rtr_4x9x13, width_adj_count, port3, Accumulator, 497296000, 94, 0, 0, 0, 0, 0
rtr_4x9x13, send_bit_count, port4, Accumulator, 497296000, 94, 5898240, 377487360, 92160, 64, 64
rtr_4x9x13, send_packet_count, port4, Accumulator, 497296000, 94, 92160, 92160, 92160, 1, 1
rtr_4x9x13, output_port_stalls, port4, Accumulator, 497296000, 94, 76000, 160000000, 37, 2000, 4000
rtr_4x9x13, idle_time, port4, Accumulator, 497296000, 94, 311584000, 21267128000000, 31313, 4000, 3786000
rtr_4x9x13, width_adj_count, port4, Accumulator, 497296000, 94, 0, 0, 0, 0, 0
rtr_4x9x13, send_bit_count, port5, Accumulator, 497296000, 94, 4587520, 293601280, 71680, 64, 64
rtr_4x9x13, send_packet_count, port5, Accumulator, 497296000, 94, 71680, 71680, 71680, 1, 1
rtr_4x9x13, output_port_stalls, port5, Accumulator, 497296000, 94, 0, 0, 0, 0, 0
rtr_4x9x13, idle_time, port5, Accumulator, 497296000, 94, 353936000, 83298600000000, 29820, 4000, 8190000
rtr_4x9x13, width_adj_count, port5, Accumulator, 497296000, 94, 0, 0, 0, 0, 0
rtr_4x9x13, send_bit_count, port6, Accumulator, 497296000, 94, 2621440, 167772160, 40960, 64, 64
rtr_4x9x13, send_packet_count, port6, Accumulator, 497296000, 94, 40960, 40960, 40960, 1, 1
rtr_4x9x13, output_port_stalls, port6, Accumulator, 497296000, 94, 0, 0, 0, 0, 0
rtr_4x9x13, idle_time, port6, Accumulator, 497296000, 94, 415376000, 12845768000000, 27164, 4000, 1210000
rtr_4x9x13, width_adj_count, port6, Accumulator, 497296000, 94, 0, 0, 0, 0, 0
rtr_4x9x13, xbar_stalls, port0, Accumulator, 497296000, 94, 8916, 8916, 8916, 1, 1
rtr_4x9x13, xbar_stalls, port1, Accumulator, 497296000, 94, 147790, 147790, 147790, 1, 1
rtr_4x9x13, xbar_stalls, port2, Accumulator, 497296000, 94, 7081, 7081, 7081, 1, 1
rtr_4x9x13, xbar_stalls, port3, Accumulator, 497296000, 94, 10708, 10708, 10708, 1, 1
rtr_4x9x13, xbar_stalls, port4, Accumulator, 497296000, 94, 4196, 4196, 4196, 1, 1
rtr_4x9x13, xbar_stalls, port5, Accumulator, 497296000, 94, 7835, 7835, 7835, 1, 1
rtr_4x9x13, xbar_stalls, port6, Accumulator, 497296000, 94, 169087, 169087, 169087, 1, 1
testNic_3476:networkIF, packet_latency, , Accumulator, 497296000, 94, 495385257, 47928644942899, 40960, 147, 314928
testNic_3476:networkIF, send_bit_count, , Accumulator, 497296000, 94, 2621440, 167772160, 40960, 64, 64
testNic_3476:networkIF, output_port_stalls, , Accumulator, 497296000, 94, 304963000, 64647565000000, 15927, 1000, 802000
testNic_3476:networkIF, idle_time, , Accumulator, 497296000, 94, 1345000, 44957000000, 89, 2000, 104000
rtr_5x9x13, send_bit_count, port0, Accumulator, 497296000, 94, 5898240, 377487360, 92160, 64, 64
rtr_5x9x13, send_packet_count, port0, Accumulator, 497296000, 94, 92160, 92160, 92160, 1, 1
rtr_5x9x13, output_port_stalls, port0, Accumulator, 497296000, 94, 180812000, 4787888000000, 17578, 2000, 130000
rtr_5x9x13, idle_time, port0, Accumulator, 497296000, 94, 42164000, 19290080000000, 5243, 4000, 4338000
rtr_5x9x13, width_adj_count, port0, Accumulator, 497296000, 94, 0, 0, 0, 0, 0
rtr_5x9x13, send_bit_count, port1, Accumulator, 497296000, 94, 4587520, 293601280, 71680, 64, 64
rtr_5x9x13, send_packet_count, port1, Accumulator, 497296000, 94, 71680, 71680, 71680, 1, 1
rtr_5x9x13, output_port_stalls, port1, Accumulator, 497296000, 94, 66000, 148000000, 31, 2000, 4000
rtr_5x9x13, idle_time, port1, Accumulator, 497296000, 94, 353364000, 11223338304000000, 12895, 4000, 105886000
rtr_5x9x13, width_adj_count, port1, Accumulator, 497296000, 94, 0, 0, 0, 0, 0
rtr_5x9x13, send_bit_count, port2, Accumulator, 497296000, 94, 5898240, 377487360, 92160, 64, 64
rtr_5x9x13, send_packet_count, port2, Accumulator, 497296000, 94, 92160, 92160, 92160, 1, 1
rtr_5x9x13, output_port_stalls, port2, Accumulator, 497296000, 94, 0, 0, 0, 0, 0
rtr_5x9x13, idle_time, port2, Accumulator, 497296000, 94, 312976000, 6604576000000, 37370, 4000, 1606000
rtr_5x9x13, width_adj_count, port2, Accumulator, 497296000, 94, 0, 0, 0, 0, 0
rtr_5x9x13, send_bit_count, port3, Accumulator, 497296000, 94, 4587520, 293601280, 71680, 64, 64
rtr_5x9x13, send_packet_count, port3, Accumulator, 497296000, 94, 71680, 71680, 71680, 1, 1
rtr_5x9x13, output_port_stalls, port3, Accumulator, 497296000, 94, 0, 0, 0, 0, 0
rtr_5x9x13, idle_time, port3, Accumulator, 497296000, 94, 353936000, 11116448000000, 35766, 4000, 2354000
rtr_5x9x13, width_adj_count, port3, Accumulator, 497296000, 94, 0, 0, 0, 0, 0
rtr_5x9x13, send_bit_count, port4, Accumulator, 497296000, 94, 5898240, 377487360, 92160, 64, 64
rtr_5x9x13, send_packet_count, port4, Accumulator, 497296000, 94, 92160, 92160, 92160, 1, 1
rtr_5x9x13, output_port_stalls, port4, Accumulator, 497296000, 94, 52000, 104000000, 26, 2000, 2000
rtr_5x9x13, idle_time, port4, Accumulator, 497296000, 94, 311728000, 20786128000000, 31621, 4000, 3716000
rtr_5x9x13, width_adj_count, port4, Accumulator, 497296000, 94, 0, 0, 0, 0, 0
rtr_5x9x13, send_bit_count, port5, Accumulator, 497296000, 94, 4587520, 293601280, 71680, 64, 64
rtr_5x9x13, send_packet_count, port5, Accumulator, 497296000, 94, 71680, 71680, 71680, 1, 1
rtr_5x9x13, output_port_stalls, port5, Accumulator, 497296000, 94, 0, 0, 0, 0, 0
rtr_5x9x13, idle_time, port5, Accumulator, 497296000, 94, 353936000, 78157976000000, 29910, 4000, 7988000
rtr_5x9x13, width_adj_count, port5, Accumulator, 497296000, 94, 0, 0, 0, 0, 0
rtr_5x9x13, send_bit_count, port6, Accumulator, 497296000, 94, 2621440, 167772160, 40960, 64, 64
rtr_5x9x13, send_packet_count, port6, Accumulator, 497296000, 94, 40960, 40960, 40960, 1, 1
rtr_5x9x13, output_port_stalls, port6, Accumulator, 497296000, 94, 0, 0, 0, 0, 0
rtr_5x9x13, idle_time, port6, Accumulator, 497296000, 94, 415376000, 12637648000000, 27258, 4000, 1142000
rtr_5x9x13, width_adj_count, port6, Accumulator, 497296000, 94, 0, 0, 0, 0, 0
rtr_5x9x13, xbar_stalls, port0, Accumulator, 497296000, 94, 8781, 8781, 8781, 1, 1
rtr_5x9x13, xbar_stalls, port1, Accumulator, 497296000, 94, 143626, 143626, 143626, 1, 1
rtr_5x9x13, xbar_stalls, port2, Accumulator, 497296000, 94, 6893, 6893, 6893, 1, 1
rtr_5x9x13, xbar_stalls, port3, Accumulator, 497296000, 94, 10653, 10653, 10653, 1, 1
rtr_5x9x13, xbar_stalls, port4, Accumulator, 497296000, 94, 4101, 4101, 4101, 1, 1
rtr_5x9x13, xbar_stalls, port5, Accumulator, 497296000, 94, 7771, 7771, 7771, 1, 1
rtr_5x9x13, xbar_stalls, port6, Accumulator, 497296000, 94, 154724, 154724, 154724, 1, 1
testNic_3477:networkIF, packet_latency, , Accumulator, 497296000, 94, 537346496, 57553504301144, 40960, 147, 319080
testNic_3477:networkIF, send_bit_count, , Accumulator, 497296000, 94, 2621440, 167772160, 40960, 64, 64
testNic_3477:networkIF, output_port_stalls, , Accumulator, 497296000, 94, 276527000, 38542685000000, 15784, 1000, 514000
testNic_3477:networkIF, idle_time, , Accumulator, 497296000, 94, 1345000, 35869000000, 90, 2000, 72000
rtr_6x9x13, send_bit_count, port0, Accumulator, 497296000, 94, 5898240, 377487360, 92160, 64, 64
rtr_6x9x13, send_packet_count, port0, Accumulator, 497296000, 94, 92160, 92160, 92160, 1, 1
rtr_6x9x13, output_port_stalls, port0, Accumulator, 497296000, 94, 183346000, 5290732000000, 15761, 2000, 156000
rtr_6x9x13, idle_time, port0, Accumulator, 497296000, 94, 60550000, 18991124000000, 7473, 4000, 4274000
rtr_6x9x13, width_adj_count, port0, Accumulator, 497296000, 94, 0, 0, 0, 0, 0
rtr_6x9x13, send_bit_count, port1, Accumulator, 497296000, 94, 4587520, 293601280, 71680, 64, 64
rtr_6x9x13, send_packet_count, port1, Accumulator, 497296000, 94, 71680, 71680, 71680, 1, 1
rtr_6x9x13, output_port_stalls, port1, Accumulator, 497296000, 94, 48000, 96000000, 24, 2000, 2000
rtr_6x9x13, idle_time, port1, Accumulator, 497296000, 94, 353520000, 18153829712000000, 12890, 4000, 134708000
rtr_6x9x13, width_adj_count, port1, Accumulator, 497296000, 94, 0, 0, 0, 0, 0
rtr_6x9x13, send_bit_count, port2, Accumulator, 497296000, 94, 5898240, 377487360, 92160, 64, 64
rtr_6x9x13, send_packet_count, port2, Accumulator, 497296000, 94, 92160, 92160, 92160, 1, 1
rtr_6x9x13, output_port_stalls, port2, Accumulator, 497296000, 94, 0, 0, 0, 0, 0
rtr_6x9x13, idle_time, port2, Accumulator, 497296000, 94, 312976000, 6391320000000, 37543, 4000, 1540000
rtr_6x9x13, width_adj_count, port2, Accumulator, 497296000, 94, 0, 0, 0, 0, 0
rtr_6x9x13, send_bit_count, port3, Accumulator, 497296000, 94, 4587520, 293601280, 71680, 64, 64
rtr_6x9x13, send_packet_count, port3, Accumulator, 497296000, 94, 71680, 71680, 71680, 1, 1
rtr_6x9x13, output_port_stalls, port3, Accumulator, 497296000, 94, 0, 0, 0, 0, 0
rtr_6x9x13, idle_time, port3, Accumulator, 497296000, 94, 353936000, 10800912000000, 35777, 4000, 2288000
rtr_6x9x13, width_adj_count, port3, Accumulator, 497296000, 94, 0, 0, 0, 0, 0
rtr_6x9x13, send_bit_count, port4, Accumulator, 497296000, 94, 5898240, 377487360, 92160, 64, 64
rtr_6x9x13, send_packet_count, port4, Accumulator, 497296000, 94, 92160, 92160, 92160, 1, 1
rtr_6x9x13, output_port_stalls, port4, Accumulator, 497296000, 94, 52000, 104000000, 26, 2000, 2000
rtr_6x9x13, idle_time, port4, Accumulator, 497296000, 94, 311978000, 20114916000000, 31750, 4000, 3650000
rtr_6x9x13, width_adj_count, port4, Accumulator, 497296000, 94, 0, 0, 0, 0, 0
rtr_6x9x13, send_bit_count, port5, Accumulator, 497296000, 94, 4587520, 293601280, 71680, 64, 64
rtr_6x9x13, send_packet_count, port5, Accumulator, 497296000, 94, 71680, 71680, 71680, 1, 1
rtr_6x9x13, output_port_stalls, port5, Accumulator, 497296000, 94, 0, 0, 0, 0, 0
rtr_6x9x13, idle_time, port5, Accumulator, 497296000, 94, 353936000, 77168352000000, 29833, 4000, 7770000
rtr_6x9x13, width_adj_count, port5, Accumulator, 497296000, 94, 0, 0, 0, 0, 0
rtr_6x9x13, send_bit_count, port6, Accumulator, 497296000, 94, 2621440, 167772160, 40960, 64, 64
rtr_6x9x13, send_packet_count, port6, Accumulator, 497296000, 94, 40960, 40960, 40960, 1, 1
rtr_6x9x13, output_port_stalls, port6, Accumulator, 497296000, 94, 0, 0, 0, 0, 0
rtr_6x9x13, idle_time, port6, Accumulator, 497296000, 94, 415376000, 12433608000000, 27256, 4000, 1076000
rtr_6x9x13, width_adj_count, port6, Accumulator, 497296000, 94, 0, 0, 0, 0, 0
rtr_6x9x13, xbar_stalls, port0, Accumulator, 497296000, 94, 8822, 8822, 8822, 1, 1
rtr_6x9x13, xbar_stalls, port1, Accumulator, 497296000, 94, 137248, 137248, 137248, 1, 1
rtr_6x9x13, xbar_stalls, port2, Accumulator, 497296000, 94, 6862, 6862, 6862, 1, 1
rtr_6x9x13, xbar_stalls, port3, Accumulator, 497296000, 94, 10413, 10413, 10413, 1, 1
rtr_6x9x13, xbar_stalls, port4, Accumulator, 497296000, 94, 4197, 4197, 4197, 1, 1
rtr_6x9x13, xbar_stalls, port5, Accumulator, 497296000, 94, 7733, 7733, 7733, 1, 1
rtr_6x9x13, xbar_stalls, port6, Accumulator, 497296000, 94, 140313, 140313, 140313, 1, 1
testNic_3478:networkIF, packet_latency, , Accumulator, 497296000, 94, 581748137, 66125155939025, 40960, 147, 321860
testNic_3478:networkIF, send_bit_count, , Accumulator, 497296000, 94, 2621440, 167772160, 40960, 64, 64
testNic_3478:networkIF, output_port_stalls, , Accumulator, 497296000, 94, 247869000, 23342537000000, 15707, 1000, 326000
testNic_3478:networkIF, idle_time, , Accumulator, 497296000, 94, 1289000, 29197000000, 102, 2000, 50000
rtr_7x9x13, send_bit_count, port0, Accumulator, 497296000, 94, 5898240, 377487360, 92160, 64, 64
rtr_7x9x13, send_packet_count, port0, Accumulator, 497296000, 94, 92160, 92160, 92160, 1, 1
rtr_7x9x13, output_port_stalls, port0, Accumulator, 497296000, 94, 195984000, 8930872000000, 14080, 2000, 160000
rtr_7x9x13, idle_time, port0, Accumulator, 497296000, 94, 83716000, 18852808000000, 9603, 4000, 4210000
rtr_7x9x13, width_adj_count, port0, Accumulator, 497296000, 94, 0, 0, 0, 0, 0
rtr_7x9x13, send_bit_count, port1, Accumulator, 497296000, 94, 4587520, 293601280, 71680, 64, 64
rtr_7x9x13, send_packet_count, port1, Accumulator, 497296000, 94, 71680, 71680, 71680, 1, 1
rtr_7x9x13, output_port_stalls, port1, Accumulator, 497296000, 94, 58000, 116000000, 29, 2000, 2000
rtr_7x9x13, idle_time, port1, Accumulator, 497296000, 94, 353178000, 26619690380000000, 12778, 4000, 163140000
rtr_7x9x13, width_adj_count, port1, Accumulator, 497296000, 94, 0, 0, 0, 0, 0
rtr_7x9x13, send_bit_count, port2, Accumulator, 497296000, 94, 5898240, 377487360, 92160, 64, 64
rtr_7x9x13, send_packet_count, port2, Accumulator, 497296000, 94, 92160, 92160, 92160, 1, 1
rtr_7x9x13, output_port_stalls, port2, Accumulator, 497296000, 94, 0, 0, 0, 0, 0
rtr_7x9x13, idle_time, port2, Accumulator, 497296000, 94, 312976000, 6185112000000, 37504, 4000, 1474000
rtr_7x9x13, width_adj_count, port2, Accumulator, 497296000, 94, 0, 0, 0, 0, 0
rtr_7x9x13, send_bit_count, port3, Accumulator, 497296000, 94, 4587520, 293601280, 71680, 64, 64
rtr_7x9x13, send_packet_count, port3, Accumulator, 497296000, 94, 71680, 71680, 71680, 1, 1
rtr_7x9x13, output_port_stalls, port3, Accumulator, 497296000, 94, 0, 0, 0, 0, 0
rtr_7x9x13, idle_time, port3, Accumulator, 497296000, 94, 353936000, 10477456000000, 35852, 4000, 2222000
rtr_7x9x13, width_adj_count, port3, Accumulator, 497296000, 94, 0, 0, 0, 0, 0
rtr_7x9x13, send_bit_count, port4, Accumulator, 497296000, 94, 5898240, 377487360, 92160, 64, 64
rtr_7x9x13, send_packet_count, port4, Accumulator, 497296000, 94, 92160, 92160, 92160, 1, 1
rtr_7x9x13, output_port_stalls, port4, Accumulator, 497296000, 94, 28000, 56000000, 14, 2000, 2000
rtr_7x9x13, idle_time, port4, Accumulator, 497296000, 94, 312142000, 19515044000000, 32062, 4000, 3584000
rtr_7x9x13, width_adj_count, port4, Accumulator, 497296000, 94, 0, 0, 0, 0, 0
rtr_7x9x13, send_bit_count, port5, Accumulator, 497296000, 94, 4587520, 293601280, 71680, 64, 64
rtr_7x9x13, send_packet_count, port5, Accumulator, 497296000, 94, 71680, 71680, 71680, 1, 1
rtr_7x9x13, output_port_stalls, port5, Accumulator, 497296000, 94, 0, 0, 0, 0, 0
rtr_7x9x13, idle_time, port5, Accumulator, 497296000, 94, 353936000, 78125208000000, 29837, 4000, 7800000
rtr_7x9x13, width_adj_count, port5, Accumulator, 497296000, 94, 0, 0, 0, 0, 0
rtr_7x9x13, send_bit_count, port6, Accumulator, 497296000, 94, 2621440, 167772160, 40960, 64, 64
rtr_7x9x13, send_packet_count, port6, Accumulator, 497296000, 94, 40960, 40960, 40960, 1, 1
rtr_7x9x13, output_port_stalls, port6, Accumulator, 497296000, 94, 0, 0, 0, 0, 0
rtr_7x9x13, idle_time, port6, Accumulator, 497296000, 94, 415376000, 12313544000000, 27203, 4000, 1010000
rtr_7x9x13, width_adj_count, port6, Accumulator, 497296000, 94, 0, 0, 0, 0, 0
rtr_7x9x13, xbar_stalls, port0, Accumulator, 497296000, 94, 8824, 8824, 8824, 1, 1
rtr_7x9x13, xbar_stalls, port1, Accumulator, 497296000, 94, 128353, 128353, 128353, 1, 1
rtr_7x9x13, xbar_stalls, port2, Accumulator, 497296000, 94, 6657, 6657, 6657, 1, 1
rtr_7x9x13, xbar_stalls, port3, Accumulator, 497296000, 94, 10346, 10346, 10346, 1, 1
rtr_7x9x13, xbar_stalls, port4, Accumulator, 497296000, 94, 4248, 4248, 4248, 1, 1
rtr_7x9x13, xbar_stalls, port5, Accumulator, 497296000, 94, 7701, 7701, 7701, 1, 1
rtr_7x9x13, xbar_stalls, port6, Accumulator, 497296000, 94, 126097, 126097, 126097, 1, 1
testNic_3479:networkIF, packet_latency, , Accumulator, 497296000, 94, 628052440, 73548603535526, 40960, 147, 323662
testNic_3479:networkIF, send_bit_count, , Accumulator, 497296000, 94, 2621440, 167772160, 40960, 64, 64
testNic_3479:networkIF, output_port_stalls, , Accumulator, 497296000, 94, 219301000, 14375865000000, 15776, 1000, 252000
testNic_3479:networkIF, idle_time, , Accumulator, 497296000, 94, 1305000, 31709000000, 104, 2000, 62000
rtr_8x9x13, send_bit_count, port0, Accumulator, 497296000, 94, 5898240, 377487360, 92160, 64, 64
rtr_8x9x13, send_packet_count, port0, Accumulator, 497296000, 94, 92160, 92160, 92160, 1, 1
rtr_8x9x13, output_port_stalls, port0, Accumulator, 497296000, 94, 167656000, 5250448000000, 14279, 2000, 118000
rtr_8x9x13, idle_time, port0, Accumulator, 497296000, 94, 111762000, 19101196000000, 10882, 4000, 4146000
rtr_8x9x13, width_adj_count, port0, Accumulator, 497296000, 94, 0, 0, 0, 0, 0
rtr_8x9x13, send_bit_count, port1, Accumulator, 497296000, 94, 4587520, 293601280, 71680, 64, 64
rtr_8x9x13, send_packet_count, port1, Accumulator, 497296000, 94, 71680, 71680, 71680, 1, 1
rtr_8x9x13, output_port_stalls, port1, Accumulator, 497296000, 94, 60000, 128000000, 29, 2000, 4000
rtr_8x9x13, idle_time, port1, Accumulator, 497296000, 94, 353334000, 36493634548000000, 12572, 4000, 191024000
rtr_8x9x13, width_adj_count, port1, Accumulator, 497296000, 94, 0, 0, 0, 0, 0
rtr_8x9x13, send_bit_count, port2, Accumulator, 497296000, 94, 5898240, 377487360, 92160, 64, 64
rtr_8x9x13, send_packet_count, port2, Accumulator, 497296000, 94, 92160, 92160, 92160, 1, 1
rtr_8x9x13, output_port_stalls, port2, Accumulator, 497296000, 94, 0, 0, 0, 0, 0
rtr_8x9x13, idle_time, port2, Accumulator, 497296000, 94, 312976000, 5946808000000, 37882, 4000, 1408000
rtr_8x9x13, width_adj_count, port2, Accumulator, 497296000, 94, 0, 0, 0, 0, 0
rtr_8x9x13, send_bit_count, port3, Accumulator, 497296000, 94, 4587520, 293601280, 71680, 64, 64
rtr_8x9x13, send_packet_count, port3, Accumulator, 497296000, 94, 71680, 71680, 71680, 1, 1
rtr_8x9x13, output_port_stalls, port3, Accumulator, 497296000, 94, 0, 0, 0, 0, 0
rtr_8x9x13, idle_time, port3, Accumulator, 497296000, 94, 353936000, 10197400000000, 35857, 4000, 2156000
rtr_8x9x13, width_adj_count, port3, Accumulator, 497296000, 94, 0, 0, 0, 0, 0
rtr_8x9x13, send_bit_count, port4, Accumulator, 497296000, 94, 5898240, 377487360, 92160, 64, 64
rtr_8x9x13, send_packet_count, port4, Accumulator, 497296000, 94, 92160, 92160, 92160, 1, 1
rtr_8x9x13, output_port_stalls, port4, Accumulator, 497296000, 94, 44000, 88000000, 22, 2000, 2000
rtr_8x9x13, idle_time, port4, Accumulator, 497296000, 94, 312272000, 19017264000000, 32183, 4000, 3518000
rtr_8x9x13, width_adj_count, port4, Accumulator, 497296000, 94, 0, 0, 0, 0, 0
rtr_8x9x13, send_bit_count, port5, Accumulator, 497296000, 94, 4587520, 293601280, 71680, 64, 64
rtr_8x9x13, send_packet_count, port5, Accumulator, 497296000, 94, 71680, 71680, 71680, 1, 1
rtr_8x9x13, output_port_stalls, port5, Accumulator, 497296000, 94, 0, 0, 0, 0, 0
rtr_8x9x13, idle_time, port5, Accumulator, 497296000, 94, 353936000, 78006400000000, 30117, 4000, 7784000
rtr_8x9x13, width_adj_count, port5, Accumulator, 497296000, 94, 0, 0, 0, 0, 0
rtr_8x9x13, send_bit_count, port6, Accumulator, 497296000, 94, 2621440, 167772160, 40960, 64, 64
rtr_8x9x13, send_packet_count, port6, Accumulator, 497296000, 94, 40960, 40960, 40960, 1, 1
rtr_8x9x13, output_port_stalls, port6, Accumulator, 497296000, 94, 0, 0, 0, 0, 0
rtr_8x9x13, idle_time, port6, Accumulator, 497296000, 94, 415376000, 12116928000000, 27379, 4000, 944000
rtr_8x9x13, width_adj_count, port6, Accumulator, 497296000, 94, 0, 0, 0, 0, 0
rtr_8x9x13, xbar_stalls, port0, Accumulator, 497296000, 94, 8871, 8871, 8871, 1, 1
rtr_8x9x13, xbar_stalls, port1, Accumulator, 497296000, 94, 117056, 117056, 117056, 1, 1
rtr_8x9x13, xbar_stalls, port2, Accumulator, 497296000, 94, 6305, 6305, 6305, 1, 1
rtr_8x9x13, xbar_stalls, port3, Accumulator, 497296000, 94, 9958, 9958, 9958, 1, 1
rtr_8x9x13, xbar_stalls, port4, Accumulator, 497296000, 94, 4106, 4106, 4106, 1, 1
rtr_8x9x13, xbar_stalls, port5, Accumulator, 497296000, 94, 7460, 7460, 7460, 1, 1
rtr_8x9x13, xbar_stalls, port6, Accumulator, 497296000, 94, 112154, 112154, 112154, 1, 1
testNic_3480:networkIF, packet_latency, , Accumulator, 497296000, 94, 676623339, 79781953681859, 40960, 147, 324038
testNic_3480:networkIF, send_bit_count, , Accumulator, 497296000, 94, 2621440, 167772160, 40960, 64, 64
testNic_3480:networkIF, output_port_stalls, , Accumulator, 497296000, 94, 191027000, 8592533000000, 15964, 1000, 156000
testNic_3480:networkIF, idle_time, , Accumulator, 497296000, 94, 1323000, 36721000000, 101, 2000, 110000
rtr_9x9x13, send_bit_count, port0, Accumulator, 497296000, 94, 5898240, 377487360, 92160, 64, 64
rtr_9x9x13, send_packet_count, port0, Accumulator, 497296000, 94, 92160, 92160, 92160, 1, 1
rtr_9x9x13, output_port_stalls, port0, Accumulator, 497296000, 94, 139256000, 2992280000000, 14374, 2000, 82000
rtr_9x9x13, idle_time, port0, Accumulator, 497296000, 94, 140010000, 391615972000000, 11011, 4000, 19724000
rtr_9x9x13, width_adj_count, port0, Accumulator, 497296000, 94, 0, 0, 0, 0, 0
rtr_9x9x13, send_bit_count, port1, Accumulator, 497296000, 94, 4587520, 293601280, 71680, 64, 64
rtr_9x9x13, send_packet_count, port1, Accumulator, 497296000, 94, 71680, 71680, 71680, 1, 1
rtr_9x9x13, output_port_stalls, port1, Accumulator, 497296000, 94, 14000, 28000000, 7, 2000, 2000
rtr_9x9x13, idle_time, port1, Accumulator, 497296000, 94, 353768000, 48039750224000000, 11785, 4000, 219174000
rtr_9x9x13, width_adj_count, port1, Accumulator, 497296000, 94, 0, 0, 0, 0, 0
rtr_9x9x13, send_bit_count, port2, Accumulator, 497296000, 94, 5898240, 377487360, 92160, 64, 64
rtr_9x9x13, send_packet_count, port2, Accumulator, 497296000, 94, 92160, 92160, 92160, 1, 1
rtr_9x9x13, output_port_stalls, port2, Accumulator, 497296000, 94, 0, 0, 0, 0, 0
rtr_9x9x13, idle_time, port2, Accumulator, 497296000, 94, 312976000, 5819104000000, 37538, 4000, 1342000
rtr_9x9x13, width_adj_count, port2, Accumulator, 497296000, 94, 0, 0, 0, 0, 0
rtr_9x9x13, send_bit_count, port3, Accumulator, 497296000, 94, 4587520, 293601280, 71680, 64, 64
rtr_9x9x13, send_packet_count, port3, Accumulator, 497296000, 94, 71680, 71680, 71680, 1, 1
rtr_9x9x13, output_port_stalls, port3, Accumulator, 497296000, 94, 0, 0, 0, 0, 0
rtr_9x9x13, idle_time, port3, Accumulator, 497296000, 94, 353936000, 9984840000000, 35620, 4000, 2090000
rtr_9x9x13, width_adj_count, port3, Accumulator, 497296000, 94, 0, 0, 0, 0, 0
rtr_9x9x13, send_bit_count, port4, Accumulator, 497296000, 94, 5898240, 377487360, 92160, 64, 64
rtr_9x9x13, send_packet_count, port4, Accumulator, 497296000, 94, 92160, 92160, 92160, 1, 1
rtr_9x9x13, output_port_stalls, port4, Accumulator, 497296000, 94, 38000, 76000000, 19, 2000, 2000
rtr_9x9x13, idle_time, port4, Accumulator, 497296000, 94, 312340000, 18616544000000, 32046, 4000, 3452000
rtr_9x9x13, width_adj_count, port4, Accumulator, 497296000, 94, 0, 0, 0, 0, 0
rtr_9x9x13, send_bit_count, port5, Accumulator, 497296000, 94, 4587520, 293601280, 71680, 64, 64
rtr_9x9x13, send_packet_count, port5, Accumulator, 497296000, 94, 71680, 71680, 71680, 1, 1
rtr_9x9x13, output_port_stalls, port5, Accumulator, 497296000, 94, 0, 0, 0, 0, 0
rtr_9x9x13, idle_time, port5, Accumulator, 497296000, 94, 353936000, 75441952000000, 29866, 4000, 7684000
rtr_9x9x13, width_adj_count, port5, Accumulator, 497296000, 94, 0, 0, 0, 0, 0
rtr_9x9x13, send_bit_count, port6, Accumulator, 497296000, 94, 2621440, 167772160, 40960, 64, 64
rtr_9x9x13, send_packet_count, port6, Accumulator, 497296000, 94, 40960, 40960, 40960, 1, 1
rtr_9x9x13, output_port_stalls, port6, Accumulator, 497296000, 94, 0, 0, 0, 0, 0
rtr_9x9x13, idle_time, port6, Accumulator, 497296000, 94, 415376000, 12073904000000, 27266, 4000, 878000
rtr_9x9x13, width_adj_count, port6, Accumulator, 497296000, 94, 0, 0, 0, 0, 0
rtr_9x9x13, xbar_stalls, port0, Accumulator, 497296000, 94, 8814, 8814, 8814, 1, 1
rtr_9x9x13, xbar_stalls, port1, Accumulator, 497296000, 94, 102982, 102982, 102982, 1, 1
rtr_9x9x13, xbar_stalls, port2, Accumulator, 497296000, 94, 6608, 6608, 6608, 1, 1
rtr_9x9x13, xbar_stalls, port3, Accumulator, 497296000, 94, 10262, 10262, 10262, 1, 1
rtr_9x9x13, xbar_stalls, port4, Accumulator, 497296000, 94, 4077, 4077, 4077, 1, 1
rtr_9x9x13, xbar_stalls, port5, Accumulator, 497296000, 94, 7712, 7712, 7712, 1, 1
rtr_9x9x13, xbar_stalls, port6, Accumulator, 497296000, 94, 98079, 98079, 98079, 1, 1
testNic_3481:networkIF, packet_latency, , Accumulator, 497296000, 94, 578363471, 54237852351283, 40960, 147, 303504
testNic_3481:networkIF, send_bit_count, , Accumulator, 497296000, 94, 2621440, 167772160, 40960, 64, 64
testNic_3481:networkIF, output_port_stalls, , Accumulator, 497296000, 94, 162863000, 5040013000000, 15965, 1000, 102000
testNic_3481:networkIF, idle_time, , Accumulator, 497296000, 94, 1317000, 28085000000, 107, 2000, 52000
rtr_10x9x13, send_bit_count, port0, Accumulator, 497296000, 94, 5898240, 377487360, 92160, 64, 64
rtr_10x9x13, send_packet_count, port0, Accumulator, 497296000, 94, 92160, 92160, 92160, 1, 1
rtr_10x9x13, output_port_stalls, port0, Accumulator, 497296000, 94, 110606000, 1598668000000, 14460, 2000, 56000
rtr_10x9x13, idle_time, port0, Accumulator, 497296000, 94, 168154000, 2150909724000000, 10780, 4000, 46348000
rtr_10x9x13, width_adj_count, port0, Accumulator, 497296000, 94, 0, 0, 0, 0, 0
rtr_10x9x13, send_bit_count, port1, Accumulator, 497296000, 94, 4587520, 293601280, 71680, 64, 64
rtr_10x9x13, send_packet_count, port1, Accumulator, 497296000, 94, 71680, 71680, 71680, 1, 1
rtr_10x9x13, output_port_stalls, port1, Accumulator, 497296000, 94, 92000, 184000000, 46, 2000, 2000
rtr_10x9x13, idle_time, port1, Accumulator, 497296000, 94, 352892000, 1499075440000000, 11806, 4000, 38086000
rtr_10x9x13, width_adj_count, port1, Accumulator, 497296000, 94, 0, 0, 0, 0, 0
rtr_10x9x13, send_bit_count, port2, Accumulator, 497296000, 94, 5898240, 377487360, 92160, 64, 64
rtr_10x9x13, send_packet_count, port2, Accumulator, 497296000, 94, 92160, 92160, 92160, 1, 1
rtr_10x9x13, output_port_stalls, port2, Accumulator, 497296000, 94, 0, 0, 0, 0, 0
rtr_10x9x13, idle_time, port2, Accumulator, 497296000, 94, 312976000, 6007848000000, 37513, 4000, 1402000
rtr_10x9x13, width_adj_count, port2, Accumulator, 497296000, 94, 0, 0, 0, 0, 0
rtr_10x9x13, send_bit_count, port3, Accumulator, 497296000, 94, 4587520, 293601280, 71680, 64, 64
rtr_10x9x13, send_packet_count, port3, Accumulator, 497296000, 94, 71680, 71680, 71680, 1, 1
rtr_10x9x13, output_port_stalls, port3, Accumulator, 497296000, 94, 0, 0, 0, 0, 0
rtr_10x9x13, idle_time, port3, Accumulator, 497296000, 94, 353936000, 10282896000000, 35578, 4000, 2152000
rtr_10x9x13, width_adj_count, port3, Accumulator, 497296000, 94, 0, 0, 0, 0, 0
rtr_10x9x13, send_bit_count, port4, Accumulator, 497296000, 94, 5898240, 377487360, 92160, 64, 64
rtr_10x9x13, send_packet_count, port4, Accumulator, 497296000, 94, 92160, 92160, 92160, 1, 1
rtr_10x9x13, output_port_stalls, port4, Accumulator, 497296000, 94, 36000, 72000000, 18, 2000, 2000
rtr_10x9x13, idle_time, port4, Accumulator, 497296000, 94, 312204000, 19015448000000, 32150, 4000, 3518000
rtr_10x9x13, width_adj_count, port4, Accumulator, 497296000, 94, 0, 0, 0, 0, 0
rtr_10x9x13, send_bit_count, port5, Accumulator, 497296000, 94, 4587520, 293601280, 71680, 64, 64
rtr_10x9x13, send_packet_count, port5, Accumulator, 497296000, 94, 71680, 71680, 71680, 1, 1
rtr_10x9x13, output_port_stalls, port5, Accumulator, 497296000, 94, 0, 0, 0, 0, 0
rtr_10x9x13, idle_time, port5, Accumulator, 497296000, 94, 353936000, 76420184000000, 30207, 4000, 7744000
rtr_10x9x13, width_adj_count, port5, Accumulator, 497296000, 94, 0, 0, 0, 0, 0
rtr_10x9x13, send_bit_count, port6, Accumulator, 497296000, 94, 2621440, 167772160, 40960, 64, 64
rtr_10x9x13, send_packet_count, port6, Accumulator, 497296000, 94, 40960, 40960, 40960, 1, 1
rtr_10x9x13, output_port_stalls, port6, Accumulator, 497296000, 94, 0, 0, 0, 0, 0
rtr_10x9x13, idle_time, port6, Accumulator, 497296000, 94, 415376000, 12338352000000, 27190, 4000, 942000
rtr_10x9x13, width_adj_count, port6, Accumulator, 497296000, 94, 0, 0, 0, 0, 0
rtr_10x9x13, xbar_stalls, port0, Accumulator, 497296000, 94, 9155, 9155, 9155, 1, 1
rtr_10x9x13, xbar_stalls, port1, Accumulator, 497296000, 94, 88855, 88855, 88855, 1, 1
rtr_10x9x13, xbar_stalls, port2, Accumulator, 497296000, 94, 6733, 6733, 6733, 1, 1
rtr_10x9x13, xbar_stalls, port3, Accumulator, 497296000, 94, 10459, 10459, 10459, 1, 1
rtr_10x9x13, xbar_stalls, port4, Accumulator, 497296000, 94, 4075, 4075, 4075, 1, 1
rtr_10x9x13, xbar_stalls, port5, Accumulator, 497296000, 94, 7723, 7723, 7723, 1, 1
rtr_10x9x13, xbar_stalls, port6, Accumulator, 497296000, 94, 84018, 84018, 84018, 1, 1
testNic_3482:networkIF, packet_latency, , Accumulator, 497296000, 94, 542739905, 42197153112455, 40960, 147, 276174
testNic_3482:networkIF, send_bit_count, , Accumulator, 497296000, 94, 2621440, 167772160, 40960, 64, 64
testNic_3482:networkIF, output_port_stalls, , Accumulator, 497296000, 94, 134395000, 2815109000000, 16142, 1000, 80000
testNic_3482:networkIF, idle_time, , Accumulator, 497296000, 94, 1349000, 26933000000, 106, 2000, 38000
rtr_11x9x13, send_bit_count, port0, Accumulator, 497296000, 94, 5898240, 377487360, 92160, 64, 64
rtr_11x9x13, send_packet_count, port0, Accumulator, 497296000, 94, 92160, 92160, 92160, 1, 1
rtr_11x9x13, output_port_stalls, port0, Accumulator, 497296000, 94, 83070000, 792020000000, 14254, 2000, 42000
rtr_11x9x13, idle_time, port0, Accumulator, 497296000, 94, 195988000, 5727776600000000, 10639, 4000, 75664000
rtr_11x9x13, width_adj_count, port0, Accumulator, 497296000, 94, 0, 0, 0, 0, 0
rtr_11x9x13, send_bit_count, port1, Accumulator, 497296000, 94, 4587520, 293601280, 71680, 64, 64
rtr_11x9x13, send_packet_count, port1, Accumulator, 497296000, 94, 71680, 71680, 71680, 1, 1
rtr_11x9x13, output_port_stalls, port1, Accumulator, 497296000, 94, 44000, 88000000, 22, 2000, 2000
rtr_11x9x13, idle_time, port1, Accumulator, 497296000, 94, 353428000, 75207816000000, 12286, 4000, 4208000
rtr_11x9x13, width_adj_count, port1, Accumulator, 497296000, 94, 0, 0, 0, 0, 0
rtr_11x9x13, send_bit_count, port2, Accumulator, 497296000, 94, 5898240, 377487360, 92160, 64, 64
rtr_11x9x13, send_packet_count, port2, Accumulator, 497296000, 94, 92160, 92160, 92160, 1, 1
rtr_11x9x13, output_port_stalls, port2, Accumulator, 497296000, 94, 0, 0, 0, 0, 0
rtr_11x9x13, idle_time, port2, Accumulator, 497296000, 94, 312976000, 6294032000000, 37054, 4000, 1464000
rtr_11x9x13, width_adj_count, port2, Accumulator, 497296000, 94, 0, 0, 0, 0, 0
rtr_11x9x13, send_bit_count, port3, Accumulator, 497296000, 94, 4587520, 293601280, 71680, 64, 64
rtr_11x9x13, send_packet_count, port3, Accumulator, 497296000, 94, 71680, 71680, 71680, 1, 1
rtr_11x9x13, output_port_stalls, port3, Accumulator, 497296000, 94, 0, 0, 0, 0, 0
rtr_11x9x13, idle_time, port3, Accumulator, 497296000, 94, 353936000, 10584056000000, 35294, 4000, 2214000
rtr_11x9x13, width_adj_count, port3, Accumulator, 497296000, 94, 0, 0, 0, 0, 0
rtr_11x9x13, send_bit_count, port4, Accumulator, 497296000, 94, 5898240, 377487360, 92160, 64, 64
rtr_11x9x13, send_packet_count, port4, Accumulator, 497296000, 94, 92160, 92160, 92160, 1, 1
rtr_11x9x13, output_port_stalls, port4, Accumulator, 497296000, 94, 28000, 56000000, 14, 2000, 2000
rtr_11x9x13, idle_time, port4, Accumulator, 497296000, 94, 312124000, 19706064000000, 31969, 4000, 3576000
rtr_11x9x13, width_adj_count, port4, Accumulator, 497296000, 94, 0, 0, 0, 0, 0
rtr_11x9x13, send_bit_count, port5, Accumulator, 497296000, 94, 4587520, 293601280, 71680, 64, 64
rtr_11x9x13, send_packet_count, port5, Accumulator, 497296000, 94, 71680, 71680, 71680, 1, 1
rtr_11x9x13, output_port_stalls, port5, Accumulator, 497296000, 94, 0, 0, 0, 0, 0
rtr_11x9x13, idle_time, port5, Accumulator, 497296000, 94, 353936000, 75891040000000, 30107, 4000, 7822000
rtr_11x9x13, width_adj_count, port5, Accumulator, 497296000, 94, 0, 0, 0, 0, 0
rtr_11x9x13, send_bit_count, port6, Accumulator, 497296000, 94, 2621440, 167772160, 40960, 64, 64
rtr_11x9x13, send_packet_count, port6, Accumulator, 497296000, 94, 40960, 40960, 40960, 1, 1
rtr_11x9x13, output_port_stalls, port6, Accumulator, 497296000, 94, 0, 0, 0, 0, 0
rtr_11x9x13, idle_time, port6, Accumulator, 497296000, 94, 415376000, 12418528000000, 27123, 4000, 1004000
rtr_11x9x13, width_adj_count, port6, Accumulator, 497296000, 94, 0, 0, 0, 0, 0
rtr_11x9x13, xbar_stalls, port0, Accumulator, 497296000, 94, 9215, 9215, 9215, 1, 1
rtr_11x9x13, xbar_stalls, port1, Accumulator, 497296000, 94, 74705, 74705, 74705, 1, 1
rtr_11x9x13, xbar_stalls, port2, Accumulator, 497296000, 94, 6922, 6922, 6922, 1, 1
rtr_11x9x13, xbar_stalls, port3, Accumulator, 497296000, 94, 10589, 10589, 10589, 1, 1
rtr_11x9x13, xbar_stalls, port4, Accumulator, 497296000, 94, 4138, 4138, 4138, 1, 1
rtr_11x9x13, xbar_stalls, port5, Accumulator, 497296000, 94, 7776, 7776, 7776, 1, 1
rtr_11x9x13, xbar_stalls, port6, Accumulator, 497296000, 94, 70913, 70913, 70913, 1, 1
testNic_3483:networkIF, packet_latency, , Accumulator, 497296000, 94, 516220200, 33996111196662, 40960, 147, 248420
testNic_3483:networkIF, send_bit_count, , Accumulator, 497296000, 94, 2621440, 167772160, 40960, 64, 64
testNic_3483:networkIF, output_port_stalls, , Accumulator, 497296000, 94, 108017000, 1523745000000, 16230, 1000, 58000
testNic_3483:networkIF, idle_time, , Accumulator, 497296000, 94, 1313000, 25613000000, 104, 2000, 42000
